MicroVigene	 Version	 2100
Culture	en-US
5/9/2005 7:14:05 PM
Roi Row	 4	 Roi Col	 10	 Main Row	 4	 Main Col	 4	 Sub Row	 1	 Sub Col	 1
Main Row	 Main Col	 Sub Row	 Sub Col	  GeneID	mean_net	 mean_total	 median_net	 vol_bkg	 vol_dust	 
1	 1	 1	 1	sample1	9516	12138	8864	120612	0	
1	 1	 1	 2	sample1	2344	4966	1774	125856	0	
1	 1	 1	 3	sample1	1349	3083	888	83232	0	
1	 1	 1	 4	sample1	2664	2664	2622	0	0	
1	 1	 2	 1	sample1	13365	15987	14180	125856	0	
1	 1	 2	 2	sample1	3876	4726	3546	40800	0	
1	 1	 2	 3	sample1	4154	5004	3546	40800	0	
1	 1	 2	 4	sample1	1270	1270	850	0	0	
1	 1	 3	 1	sample1	1737	2587	1772	40800	0	
1	 1	 3	 2	sample1	2022	2022	1734	0	0	
1	 1	 3	 3	sample1	1309	1309	850	0	0	
1	 1	 3	 4	sample1	577	613	0	0	1734	
1	 1	 4	 1	sample1	2126	2126	1734	0	0	
1	 1	 4	 2	sample1	2188	2188	1734	0	0	
1	 1	 4	 3	sample1	1143	1143	850	0	0	
1	 1	 4	 4	sample1	596	596	0	0	0	
1	 2	 1	 1	sample2	21751	25257	20384	161276	0	
1	 2	 1	 2	sample2	9745	14141	7090	211008	0	
1	 2	 1	 3	sample2	7072	10578	5318	168288	0	
1	 2	 1	 4	sample2	2861	5483	2656	125856	0	
1	 2	 2	 1	sample2	21452	22302	19496	40800	0	
1	 2	 2	 2	sample2	11243	13865	9746	125856	0	
1	 2	 2	 3	sample2	3859	5593	3544	83232	0	
1	 2	 2	 4	sample2	2343	3193	1772	40800	0	
1	 2	 3	 1	sample2	958	1231	850	0	13108	
1	 2	 3	 2	sample2	637	818	0	0	8678	
1	 2	 3	 3	sample2	1324	1324	850	0	0	
1	 2	 3	 4	sample2	1048	1048	850	0	0	
1	 2	 4	 1	sample2	197	197	0	0	0	
1	 2	 4	 2	sample2	376	376	0	0	0	
1	 2	 4	 3	sample2	490	545	0	0	2622	
1	 2	 4	 4	sample2	328	364	0	0	1734	
1	 3	 1	 1	sample3	20292	20292	20346	0	0	
1	 3	 1	 2	sample3	3711	3711	3506	0	0	
1	 3	 1	 3	sample3	2348	2348	2622	0	0	
1	 3	 1	 4	sample3	1376	1376	1734	0	0	
1	 3	 2	 1	sample3	20936	20936	20346	0	0	
1	 3	 2	 2	sample3	2882	2882	2622	0	0	
1	 3	 2	 3	sample3	1616	1616	1734	0	0	
1	 3	 2	 4	sample3	595	865	850	0	13002	
1	 3	 3	 1	sample3	551	641	0	0	4322	
1	 3	 3	 2	sample3	270	270	0	0	0	
1	 3	 3	 3	sample3	286	286	0	0	0	
1	 3	 3	 4	sample3	161	287	0	0	6056	
1	 3	 4	 1	sample3	648	648	0	0	0	
1	 3	 4	 2	sample3	376	376	0	0	0	
1	 3	 4	 3	sample3	323	323	0	0	0	
1	 3	 4	 4	sample3	330	438	0	0	5206	
1	 4	 1	 1	sample4	3354	3354	2622	0	0	
1	 4	 1	 2	sample4	1616	1616	1734	0	0	
1	 4	 1	 3	sample4	1264	1355	850	0	4356	
1	 4	 1	 4	sample4	267	467	0	0	9562	
1	 4	 2	 1	sample4	2047	2047	1734	0	0	
1	 4	 2	 2	sample4	435	507	0	0	3468	
1	 4	 2	 3	sample4	219	434	0	0	10340	
1	 4	 2	 4	sample4	385	421	0	0	1734	
1	 4	 3	 1	sample4	500	518	0	0	850	
1	 4	 3	 2	sample4	260	515	0	0	12222	
1	 4	 3	 3	sample4	369	567	0	0	9494	
1	 4	 3	 4	sample4	260	351	0	0	4322	
1	 4	 4	 1	sample4	457	529	0	0	3472	
1	 4	 4	 2	sample4	56.1	235	0	0	8602	
1	 4	 4	 3	sample4	501	537	0	0	1700	
1	 4	 4	 4	sample4	283	319	0	0	1700	
1	 5	 1	 1	sample5	1324	1324	850	0	0	
1	 5	 1	 2	sample5	270	270	0	0	0	
1	 5	 1	 3	sample5	17.7	17.7	0	0	0	
1	 5	 1	 4	sample5	0	0	0	0	0	
1	 5	 2	 1	sample5	2079	2079	1734	0	0	
1	 5	 2	 2	sample5	288	288	0	0	0	
1	 5	 2	 3	sample5	379	379	0	0	0	
1	 5	 2	 4	sample5	90.8	90.8	0	0	0	
1	 5	 3	 1	sample5	142	142	0	0	0	
1	 5	 3	 2	sample5	198	198	0	0	0	
1	 5	 3	 3	sample5	197	197	0	0	0	
1	 5	 3	 4	sample5	270	270	0	0	0	
1	 5	 4	 1	sample5	287	287	0	0	0	
1	 5	 4	 2	sample5	599	599	0	0	0	
1	 5	 4	 3	sample5	488	488	0	0	0	
1	 5	 4	 4	sample5	648	648	0	0	0	
1	 6	 1	 1	sample6	23099	24833	22156	79764	0	
1	 6	 1	 2	sample6	9584	13090	8862	168288	0	
1	 6	 1	 3	sample6	5427	8049	5318	125856	0	
1	 6	 1	 4	sample6	2344	4966	2656	125856	0	
1	 6	 2	 1	sample6	20713	21563	20380	40800	0	
1	 6	 2	 2	sample6	13349	15083	11522	83232	0	
1	 6	 2	 3	sample6	5650	7384	5316	83232	0	
1	 6	 2	 4	sample6	2789	4523	2662	83232	0	
1	 6	 3	 1	sample6	2807	2807	2622	0	0	
1	 6	 3	 2	sample6	1260	2994	888	83232	0	
1	 6	 3	 3	sample6	1405	3139	888	83232	0	
1	 6	 3	 4	sample6	1687	1687	1734	0	0	
1	 6	 4	 1	sample6	2698	2698	2622	0	0	
1	 6	 4	 2	sample6	1589	3323	888	83232	0	
1	 6	 4	 3	sample6	-519.37	1215	-883.99	83232	0	
1	 6	 4	 4	sample6	1945	1945	1734	0	0	
1	 7	 1	 1	sample7	9988	9988	9712	0	0	
1	 7	 1	 2	sample7	2165	2165	2622	0	0	
1	 7	 1	 3	sample7	178	450	0	0	13076	
1	 7	 1	 4	sample7	184	220	0	0	1734	
1	 7	 2	 1	sample7	9952	9952	8824	0	0	
1	 7	 2	 2	sample7	3788	3788	3506	0	0	
1	 7	 2	 3	sample7	237	364	0	0	6090	
1	 7	 2	 4	sample7	196	196	0	0	0	
1	 7	 3	 1	sample7	146	543	0	0	19058	
1	 7	 3	 2	sample7	232	232	0	0	0	
1	 7	 3	 3	sample7	248	248	0	0	0	
1	 7	 3	 4	sample7	107	161	0	0	2584	
1	 7	 4	 1	sample7	994	1030	850	0	1734	
1	 7	 4	 2	sample7	719	900	850	0	8674	
1	 7	 4	 3	sample7	452	452	0	0	0	
1	 7	 4	 4	sample7	167	238	0	0	3400	
1	 8	 1	 1	sample8	3915	3915	3506	0	0	
1	 8	 1	 2	sample8	3158	3158	2622	0	0	
1	 8	 1	 3	sample8	2460	2460	2622	0	0	
1	 8	 1	 4	sample8	1815	1815	1734	0	0	
1	 8	 2	 1	sample8	3959	3959	4396	0	0	
1	 8	 2	 2	sample8	2935	2935	2622	0	0	
1	 8	 2	 3	sample8	3816	3816	3506	0	0	
1	 8	 2	 4	sample8	1835	1835	1734	0	0	
1	 8	 3	 1	sample8	286	286	0	0	0	
1	 8	 3	 2	sample8	867	867	850	0	0	
1	 8	 3	 3	sample8	381	691	850	0	14874	
1	 8	 3	 4	sample8	1197	1197	850	0	0	
1	 8	 4	 1	sample8	429	446	0	0	850	
1	 8	 4	 2	sample8	1215	1215	850	0	0	
1	 8	 4	 3	sample8	1343	1343	850	0	0	
1	 8	 4	 4	sample8	1506	1506	1734	0	0	
1	 9	 1	 1	sample9	11647	17815	12406	296064	0	
1	 9	 1	 2	sample9	6424	9046	6202	125856	0	
1	 9	 1	 3	sample9	2514	4248	2662	83232	0	
1	 9	 1	 4	sample9	2476	2476	2622	0	0	
1	 9	 2	 1	sample9	12830	15452	11518	125856	0	
1	 9	 2	 2	sample9	4912	6646	4434	83232	0	
1	 9	 2	 3	sample9	4356	5206	4428	40800	0	
1	 9	 2	 4	sample9	2918	2918	2622	0	0	
1	 9	 3	 1	sample9	1977	3711	2662	83232	0	
1	 9	 3	 2	sample9	359	2093	0	83232	0	
1	 9	 3	 3	sample9	1206	2056	1772	40800	0	
1	 9	 3	 4	sample9	1178	1178	850	0	0	
1	 9	 4	 1	sample9	609	3231	884	125856	0	
1	 9	 4	 2	sample9	1533	2383	1772	40800	0	
1	 9	 4	 3	sample9	983	1833	884	40800	0	
1	 9	 4	 4	sample9	1763	1763	1734	0	0	
1	 10	 1	 1	sample10	13885	17391	12406	168288	0	
1	 10	 1	 2	sample10	10923	13545	11518	120612	0	
1	 10	 1	 3	sample10	6869	6869	6168	0	0	
1	 10	 1	 4	sample10	2404	2404	2622	0	0	
1	 10	 2	 1	sample10	17485	19219	16840	83232	0	
1	 10	 2	 2	sample10	11406	13140	10634	79764	0	
1	 10	 2	 3	sample10	7513	7513	7050	0	0	
1	 10	 2	 4	sample10	2065	2559	2622	0	23670	
1	 10	 3	 1	sample10	2033	2883	1772	40800	0	
1	 10	 3	 2	sample10	1543	1543	1734	0	0	
1	 10	 3	 3	sample10	1289	1289	850	0	0	
1	 10	 3	 4	sample10	432	432	0	0	0	
1	 10	 4	 1	sample10	3288	3288	2622	0	0	
1	 10	 4	 2	sample10	2186	2186	2622	0	0	
1	 10	 4	 3	sample10	1160	1160	850	0	0	
1	 10	 4	 4	sample10	684	684	0	0	0	
2	 1	 1	 1	sample11	20383	22117	20386	72828	0	
2	 1	 1	 2	sample11	13405	15139	13296	83232	0	
2	 1	 1	 3	sample11	4780	5630	4428	40800	0	
2	 1	 1	 4	sample11	1780	1780	1734	0	0	
2	 1	 2	 1	sample11	18055	18055	19458	0	0	
2	 1	 2	 2	sample11	10412	10412	9712	0	0	
2	 1	 2	 3	sample11	5225	5225	4396	0	0	
2	 1	 2	 4	sample11	1137	1137	850	0	0	
2	 1	 3	 1	sample11	2020	2020	1734	0	0	
2	 1	 3	 2	sample11	925	925	0	0	0	
2	 1	 3	 3	sample11	689	689	0	0	0	
2	 1	 3	 4	sample11	214	214	0	0	0	
2	 1	 4	 1	sample11	514	1062	850	0	26282	
2	 1	 4	 2	sample11	-24.82	230	0	0	12218	
2	 1	 4	 3	sample11	308	308	0	0	0	
2	 1	 4	 4	sample11	0	0	0	0	0	
2	 2	 1	 1	sample12	3197	3197	2622	0	0	
2	 2	 1	 2	sample12	635	635	0	0	0	
2	 2	 1	 3	sample12	198	216	0	0	850	
2	 2	 1	 4	sample12	-38.28	51.7	0	0	4318	
2	 2	 2	 1	sample12	2388	2388	2622	0	0	
2	 2	 2	 2	sample12	1126	1126	0	0	0	
2	 2	 2	 3	sample12	31.3	67.4	0	0	1734	
2	 2	 2	 4	sample12	54.6	54.6	0	0	0	
2	 2	 3	 1	sample12	0	0	0	0	0	
2	 2	 3	 2	sample12	90.8	90.8	0	0	0	
2	 2	 3	 3	sample12	35.4	35.4	0	0	0	
2	 2	 3	 4	sample12	72.3	72.3	0	0	0	
2	 2	 4	 1	sample12	54.6	54.6	0	0	0	
2	 2	 4	 2	sample12	54.6	54.6	0	0	0	
2	 2	 4	 3	sample12	0	0	0	0	0	
2	 2	 4	 4	sample12	17.7	17.7	0	0	0	
2	 3	 1	 1	sample13	19720	19720	19458	0	0	
2	 3	 1	 2	sample13	12739	12739	10594	0	0	
2	 3	 1	 3	sample13	5641	5641	5278	0	0	
2	 3	 1	 4	sample13	3187	3187	2622	0	0	
2	 3	 2	 1	sample13	14016	14016	12368	0	0	
2	 3	 2	 2	sample13	9461	9461	8824	0	0	
2	 3	 2	 3	sample13	4841	4841	3506	0	0	
2	 3	 2	 4	sample13	2882	2882	1734	0	0	
2	 3	 3	 1	sample13	738	738	0	0	0	
2	 3	 3	 2	sample13	183	219	0	0	1734	
2	 3	 3	 3	sample13	35.4	35.4	0	0	0	
2	 3	 3	 4	sample13	72.3	72.3	0	0	0	
2	 3	 4	 1	sample13	559	559	0	0	0	
2	 3	 4	 2	sample13	71.5	71.5	0	0	0	
2	 3	 4	 3	sample13	169	206	0	0	1734	
2	 3	 4	 4	sample13	36.1	36.1	0	0	0	
2	 4	 1	 1	sample14	20420	22154	19496	83232	0	
2	 4	 1	 2	sample14	16394	17244	12406	40800	0	
2	 4	 1	 3	sample14	5041	5041	4396	0	0	
2	 4	 1	 4	sample14	2858	2858	2622	0	0	
2	 4	 2	 1	sample14	23151	23151	22120	0	0	
2	 4	 2	 2	sample14	7939	7939	7940	0	0	
2	 4	 2	 3	sample14	4858	4858	3506	0	0	
2	 4	 2	 4	sample14	1673	1673	1734	0	0	
2	 4	 3	 1	sample14	1126	1126	850	0	0	
2	 4	 3	 2	sample14	739	739	0	0	0	
2	 4	 3	 3	sample14	420	491	0	0	3434	
2	 4	 3	 4	sample14	560	578	0	0	850	
2	 4	 4	 1	sample14	506	506	0	0	0	
2	 4	 4	 2	sample14	323	323	0	0	0	
2	 4	 4	 3	sample14	377	377	0	0	0	
2	 4	 4	 4	sample14	372	426	0	0	2622	
2	 5	 1	 1	sample15	15766	18388	16836	125856	0	
2	 5	 1	 2	sample15	11024	16302	10634	253344	0	
2	 5	 1	 3	sample15	6387	9009	5318	125856	0	
2	 5	 1	 4	sample15	3509	5243	2662	83232	0	
2	 5	 2	 1	sample15	14014	15748	14178	83232	0	
2	 5	 2	 2	sample15	10615	13237	10634	125856	0	
2	 5	 2	 3	sample15	5724	7458	5316	83232	0	
2	 5	 2	 4	sample15	3675	5409	2662	83232	0	
2	 5	 3	 1	sample15	2316	2553	1734	0	11336	
2	 5	 3	 2	sample15	1702	2552	1772	40800	0	
2	 5	 3	 3	sample15	1278	2128	884	40800	0	
2	 5	 3	 4	sample15	596	2330	888	83232	0	
2	 5	 4	 1	sample15	2790	2790	2622	0	0	
2	 5	 4	 2	sample15	1838	1838	1734	0	0	
2	 5	 4	 3	sample15	2256	2256	1734	0	0	
2	 5	 4	 4	sample15	816	2550	888	83232	0	
2	 6	 1	 1	sample16	24242	31292	23930	338400	0	
2	 6	 1	 2	sample16	14796	23620	14178	405904	0	
2	 6	 1	 3	sample16	9499	14777	8862	242788	0	
2	 6	 1	 4	sample16	5831	10227	4428	211008	0	
2	 6	 2	 1	sample16	28207	34375	29239	296064	0	
2	 6	 2	 2	sample16	21506	27674	21268	296064	0	
2	 6	 2	 3	sample16	8103	12499	7090	211008	0	
2	 6	 2	 4	sample16	9007	13403	6198	211008	0	
2	 6	 3	 1	sample16	3247	7643	3544	211008	0	
2	 6	 3	 2	sample16	3099	7495	2654	211008	0	
2	 6	 3	 3	sample16	1604	6000	1772	211008	0	
2	 6	 3	 4	sample16	1087	5483	882	211008	0	
2	 6	 4	 1	sample16	3602	7108	3544	168288	0	
2	 6	 4	 2	sample16	1937	6333	1772	211008	0	
2	 6	 4	 3	sample16	1568	5964	1772	211008	0	
2	 6	 4	 4	sample16	1198	5594	1772	211008	0	
2	 7	 1	 1	sample17	15933	19439	14178	161276	0	
2	 7	 1	 2	sample17	16285	19791	10634	168288	0	
2	 7	 1	 3	sample17	6609	9231	6202	125856	0	
2	 7	 1	 4	sample17	3122	4856	2662	83232	0	
2	 7	 2	 1	sample17	17887	22283	18606	211008	0	
2	 7	 2	 2	sample17	7700	11206	7088	168288	0	
2	 7	 2	 3	sample17	7993	10615	7972	125856	0	
2	 7	 2	 4	sample17	2842	5464	2656	125856	0	
2	 7	 3	 1	sample17	2143	5649	1772	168288	0	
2	 7	 3	 2	sample17	759	4265	890	168288	0	
2	 7	 3	 3	sample17	1129	4635	890	168288	0	
2	 7	 3	 4	sample17	-53.74	3452	0	168288	0	
2	 7	 4	 1	sample17	2623	6129	2662	168288	0	
2	 7	 4	 2	sample17	1087	5483	882	211008	0	
2	 7	 4	 3	sample17	534	4930	0	211008	0	
2	 7	 4	 4	sample17	925	4431	890	168288	0	
2	 8	 1	 1	sample18	11575	14197	9746	125856	0	
2	 8	 1	 2	sample18	5370	9766	5316	211008	0	
2	 8	 1	 3	sample18	4116	6738	3546	125856	0	
2	 8	 1	 4	sample18	3267	5889	2656	125856	0	
2	 8	 2	 1	sample18	14086	16708	14180	125856	0	
2	 8	 2	 2	sample18	15024	17646	14180	115368	0	
2	 8	 2	 3	sample18	2771	4505	2662	83232	0	
2	 8	 2	 4	sample18	3029	4763	2662	83232	0	
2	 8	 3	 1	sample18	1038	2772	888	83232	0	
2	 8	 3	 2	sample18	3694	5428	2662	83232	0	
2	 8	 3	 3	sample18	1220	2954	888	83232	0	
2	 8	 3	 4	sample18	1441	3175	888	83232	0	
2	 8	 4	 1	sample18	2605	2605	2622	0	0	
2	 8	 4	 2	sample18	1388	3122	888	83232	0	
2	 8	 4	 3	sample18	4381	6115	888	83232	0	
2	 8	 4	 4	sample18	1625	3359	888	83232	0	
2	 9	 1	 1	sample19	27845	34895	30129	352500	0	
2	 9	 1	 2	sample19	13199	19367	13290	296064	0	
2	 9	 1	 3	sample19	11407	15803	10634	211008	0	
2	 9	 1	 4	sample19	6405	9027	6202	125856	0	
2	 9	 2	 1	sample19	28705	34873	30129	296064	0	
2	 9	 2	 2	sample19	15893	21171	14180	232232	0	
2	 9	 2	 3	sample19	8416	12812	7090	211008	0	
2	 9	 2	 4	sample19	4116	6738	4428	125856	0	
2	 9	 3	 1	sample19	2877	7273	2654	211008	0	
2	 9	 3	 2	sample19	959	5355	882	211008	0	
2	 9	 3	 3	sample19	1717	4339	1774	125856	0	
2	 9	 3	 4	sample19	813	3435	884	125856	0	
2	 9	 4	 1	sample19	3470	6092	3546	125856	0	
2	 9	 4	 2	sample19	1649	5095	2656	125856	39586	
2	 9	 4	 3	sample19	1237	3859	1774	125856	0	
2	 9	 4	 4	sample19	629	3251	0	125856	0	
2	 10	 1	 1	sample20	19365	25533	20378	296064	0	
2	 10	 1	 2	sample20	11500	15896	10634	211008	0	
2	 10	 1	 3	sample20	8476	10210	7978	83232	0	
2	 10	 1	 4	sample20	4525	4525	4396	0	0	
2	 10	 2	 1	sample20	20673	24179	23040	161276	0	
2	 10	 2	 2	sample20	13790	16412	13290	125856	0	
2	 10	 2	 3	sample20	8030	8880	7090	40800	0	
2	 10	 2	 4	sample20	2874	4181	3506	0	62698	
2	 10	 3	 1	sample20	2510	5132	2656	125856	0	
2	 10	 3	 2	sample20	1386	3120	888	83232	0	
2	 10	 3	 3	sample20	1128	1978	884	40800	0	
2	 10	 3	 4	sample20	881	881	850	0	0	
2	 10	 4	 1	sample20	1552	4294	2662	83232	48370	
2	 10	 4	 2	sample20	2491	3341	2656	40800	0	
2	 10	 4	 3	sample20	1925	1925	1734	0	0	
2	 10	 4	 4	sample20	696	1004	850	0	14806	
3	 1	 1	 1	sample21	33367	33367	35407	0	0	
3	 1	 1	 2	sample21	13485	14335	12406	39100	0	
3	 1	 1	 3	sample21	6611	8345	6206	83232	0	
3	 1	 1	 4	sample21	3122	3122	2622	0	0	
3	 1	 2	 1	sample21	30960	30960	33635	0	0	
3	 1	 2	 2	sample21	17926	17926	16802	0	0	
3	 1	 2	 3	sample21	8632	8632	7940	0	0	
3	 1	 2	 4	sample21	2417	2417	1734	0	0	
3	 1	 3	 1	sample21	2039	2039	1734	0	0	
3	 1	 3	 2	sample21	1601	1601	850	0	0	
3	 1	 3	 3	sample21	307	307	0	0	0	
3	 1	 3	 4	sample21	88.5	88.5	0	0	0	
3	 1	 4	 1	sample21	2040	2040	1734	0	0	
3	 1	 4	 2	sample21	655	801	0	0	6980	
3	 1	 4	 3	sample21	294	365	0	0	3434	
3	 1	 4	 4	sample21	198	270	0	0	3472	
3	 2	 1	 1	sample22	18165	18165	19458	0	0	
3	 2	 1	 2	sample22	6593	6593	5278	0	0	
3	 2	 1	 3	sample22	4027	4027	3506	0	0	
3	 2	 1	 4	sample22	765	765	0	0	0	
3	 2	 2	 1	sample22	20050	20050	21230	0	0	
3	 2	 2	 2	sample22	6444	6444	6168	0	0	
3	 2	 2	 3	sample22	3808	3808	3506	0	0	
3	 2	 2	 4	sample22	1711	1711	850	0	0	
3	 2	 3	 1	sample22	567	1038	0	0	22596	
3	 2	 3	 2	sample22	306	306	0	0	0	
3	 2	 3	 3	sample22	5796	5796	850	0	0	
3	 2	 3	 4	sample22	270	324	0	0	2622	
3	 2	 4	 1	sample22	831	1029	850	0	9490	
3	 2	 4	 2	sample22	343	667	0	0	15546	
3	 2	 4	 3	sample22	869	869	0	0	0	
3	 2	 4	 4	sample22	488	488	0	0	0	
3	 3	 1	 1	sample23	13627	13627	9712	0	0	
3	 3	 1	 2	sample23	15009	15009	15030	0	0	
3	 3	 1	 3	sample23	14162	14162	12368	0	0	
3	 3	 1	 4	sample23	3606	3606	3506	0	0	
3	 3	 2	 1	sample23	9399	9399	7050	0	0	
3	 3	 2	 2	sample23	18222	18222	16802	0	0	
3	 3	 2	 3	sample23	15278	15278	14140	0	0	
3	 3	 2	 4	sample23	3216	3216	3506	0	0	
3	 3	 3	 1	sample23	4229	4229	4396	0	0	
3	 3	 3	 2	sample23	3251	3251	2622	0	0	
3	 3	 3	 3	sample23	2019	2019	1734	0	0	
3	 3	 3	 4	sample23	1635	1635	1734	0	0	
3	 3	 4	 1	sample23	4523	4523	4396	0	0	
3	 3	 4	 2	sample23	3784	3784	3506	0	0	
3	 3	 4	 3	sample23	1277	1861	1734	0	28062	
3	 3	 4	 4	sample23	2384	2384	2622	0	0	
3	 4	 1	 1	sample24	17889	18739	15062	40800	0	
3	 4	 1	 2	sample24	13938	14788	13290	40800	0	
3	 4	 1	 3	sample24	7607	7607	5278	0	0	
3	 4	 1	 4	sample24	2367	2367	2622	0	0	
3	 4	 2	 1	sample24	18904	19754	17724	40800	0	
3	 4	 2	 2	sample24	12506	13356	12406	37400	0	
3	 4	 2	 3	sample24	5982	5982	6168	0	0	
3	 4	 2	 4	sample24	3767	4617	3546	40800	0	
3	 4	 3	 1	sample24	3436	3436	3506	0	0	
3	 4	 3	 2	sample24	1222	2956	888	83232	0	
3	 4	 3	 3	sample24	1405	2255	1772	40800	0	
3	 4	 3	 4	sample24	413	2147	0	83232	0	
3	 4	 4	 1	sample24	2973	3823	3546	40800	0	
3	 4	 4	 2	sample24	1867	3601	1772	83232	0	
3	 4	 4	 3	sample24	1368	3102	888	83232	0	
3	 4	 4	 4	sample24	1553	3287	888	83232	0	
3	 5	 1	 1	sample25	12100	13834	10634	79764	0	
3	 5	 1	 2	sample25	7792	9526	7090	83232	0	
3	 5	 1	 3	sample25	4487	6221	4434	83232	0	
3	 5	 1	 4	sample25	2845	4579	2662	83232	0	
3	 5	 2	 1	sample25	12812	15434	11518	125856	0	
3	 5	 2	 2	sample25	9581	12203	8864	125856	0	
3	 5	 2	 3	sample25	4504	7126	4428	125856	0	
3	 5	 2	 4	sample25	2566	5188	2656	125856	0	
3	 5	 3	 1	sample25	2215	4837	1774	125856	0	
3	 5	 3	 2	sample25	1479	4985	890	168288	0	
3	 5	 3	 3	sample25	888	4394	890	168288	0	
3	 5	 3	 4	sample25	777	4283	890	168288	0	
3	 5	 4	 1	sample25	3085	6591	2662	168288	0	
3	 5	 4	 2	sample25	1401	5797	1772	211008	0	
3	 5	 4	 3	sample25	1659	6055	1772	211008	0	
3	 5	 4	 4	sample25	330	4726	0	211008	0	
3	 6	 1	 1	sample26	17204	21600	15950	211008	0	
3	 6	 1	 2	sample26	6441	12609	6200	296064	0	
3	 6	 1	 3	sample26	3432	9600	3544	296064	0	
3	 6	 1	 4	sample26	2882	8160	2662	253344	0	
3	 6	 2	 1	sample26	13899	18295	13288	211008	0	
3	 6	 2	 2	sample26	9362	14640	7978	253344	0	
3	 6	 2	 3	sample26	3750	9028	3546	253344	0	
3	 6	 2	 4	sample26	1438	5834	1772	211008	0	
3	 6	 3	 1	sample26	1420	5816	1772	211008	0	
3	 6	 3	 2	sample26	1142	5538	882	211008	0	
3	 6	 3	 3	sample26	1106	5502	882	211008	0	
3	 6	 3	 4	sample26	755	5151	882	211008	0	
3	 6	 4	 1	sample26	3542	7938	2654	211008	0	
3	 6	 4	 2	sample26	1291	5687	1772	211008	0	
3	 6	 4	 3	sample26	1530	5926	1772	211008	0	
3	 6	 4	 4	sample26	1512	5908	1772	211008	0	
3	 7	 1	 1	sample27	25533	34357	26583	423552	0	
3	 7	 1	 2	sample27	13903	26271	13296	593664	0	
3	 7	 1	 3	sample27	8328	15378	7980	338400	0	
3	 7	 1	 4	sample27	5426	9822	5316	211008	0	
3	 7	 2	 1	sample27	26218	33268	26585	338400	0	
3	 7	 2	 2	sample27	16099	24923	15950	423552	0	
3	 7	 2	 3	sample27	9547	16597	7980	338400	0	
3	 7	 2	 4	sample27	8439	13717	7090	253344	0	
3	 7	 3	 1	sample27	5333	11501	4426	296064	0	
3	 7	 3	 2	sample27	4636	11686	3544	338400	0	
3	 7	 3	 3	sample27	1918	8086	1772	296064	0	
3	 7	 3	 4	sample27	1328	7496	882	296064	0	
3	 7	 4	 1	sample27	5264	12314	4436	338400	0	
3	 7	 4	 2	sample27	2417	10357	1772	381120	0	
3	 7	 4	 3	sample27	1605	9545	1772	381120	0	
3	 7	 4	 4	sample27	-1142.2	8647	1774	338400	131480	
3	 8	 1	 1	sample28	7015	9637	5318	125856	0	
3	 8	 1	 2	sample28	1186	4010	884	125856	9674	
3	 8	 1	 3	sample28	1886	3620	1772	83232	0	
3	 8	 1	 4	sample28	295	2917	0	125856	0	
3	 8	 2	 1	sample28	4746	8252	4434	168288	0	
3	 8	 2	 2	sample28	1922	5428	1772	168288	0	
3	 8	 2	 3	sample28	1735	4357	1774	125856	0	
3	 8	 2	 4	sample28	1224	4157	1774	125856	14918	
3	 8	 3	 1	sample28	1309	5705	1772	211008	0	
3	 8	 3	 2	sample28	515	4911	0	211008	0	
3	 8	 3	 3	sample28	625	5021	882	211008	0	
3	 8	 3	 4	sample28	404	4800	0	211008	0	
3	 8	 4	 1	sample28	2195	8363	2656	296064	0	
3	 8	 4	 2	sample28	653	7004	882	296064	8784	
3	 8	 4	 3	sample28	815	6093	890	253344	0	
3	 8	 4	 4	sample28	740	6018	890	253344	0	
3	 9	 1	 1	sample29	17873	23151	16842	253344	0	
3	 9	 1	 2	sample29	10779	15175	10634	211008	0	
3	 9	 1	 3	sample29	6608	10960	7090	125856	83026	
3	 9	 1	 4	sample29	3286	5908	3546	125856	0	
3	 9	 2	 1	sample29	19633	24911	16842	242788	0	
3	 9	 2	 2	sample29	12533	16929	11516	211008	0	
3	 9	 2	 3	sample29	7549	11945	7090	211008	0	
3	 9	 2	 4	sample29	3010	6516	2662	168288	0	
3	 9	 3	 1	sample29	2125	7403	1772	253344	0	
3	 9	 3	 2	sample29	1534	6812	1772	253344	0	
3	 9	 3	 3	sample29	2047	6443	1772	211008	0	
3	 9	 3	 4	sample29	1124	5520	882	211008	0	
3	 9	 4	 1	sample29	3358	9526	2656	296064	0	
3	 9	 4	 2	sample29	1716	7884	1772	296064	0	
3	 9	 4	 3	sample29	1420	7588	1772	296064	0	
3	 9	 4	 4	sample29	534	6702	0	296064	0	
3	 10	 1	 1	sample30	21479	24101	22152	120612	0	
3	 10	 1	 2	sample30	18607	23003	15950	211008	0	
3	 10	 1	 3	sample30	8861	11483	7972	120612	0	
3	 10	 1	 4	sample30	4139	6056	3544	83232	8784	
3	 10	 2	 1	sample30	20066	24462	21268	211008	0	
3	 10	 2	 2	sample30	14730	19126	13288	211008	0	
3	 10	 2	 3	sample30	5485	8991	5318	168288	0	
3	 10	 2	 4	sample30	4133	7546	3546	125856	37958	
3	 10	 3	 1	sample30	2250	6646	1772	211008	0	
3	 10	 3	 2	sample30	1825	6221	1772	211008	0	
3	 10	 3	 3	sample30	1198	5594	882	211008	0	
3	 10	 3	 4	sample30	778	4284	890	168288	0	
3	 10	 4	 1	sample30	2827	8105	2662	253344	0	
3	 10	 4	 2	sample30	3081	7477	2654	211008	0	
3	 10	 4	 3	sample30	-201.82	6214	1772	211008	96930	
3	 10	 4	 4	sample30	1013	5409	882	211008	0	
4	 1	 1	 1	sample31	22172	24794	21268	125856	0	
4	 1	 1	 2	sample31	9364	11098	8860	79764	0	
4	 1	 1	 3	sample31	6183	7917	6206	72828	0	
4	 1	 1	 4	sample31	3435	3435	3506	0	0	
4	 1	 2	 1	sample31	21101	23723	20380	125856	0	
4	 1	 2	 2	sample31	9234	11856	8864	131100	0	
4	 1	 2	 3	sample31	5944	8566	5318	125856	0	
4	 1	 2	 4	sample31	2309	4043	2662	83232	0	
4	 1	 3	 1	sample31	2418	5040	1774	125856	0	
4	 1	 3	 2	sample31	1052	3674	884	125856	0	
4	 1	 3	 3	sample31	960	3582	884	125856	0	
4	 1	 3	 4	sample31	647	3269	884	125856	0	
4	 1	 4	 1	sample31	2439	4173	2662	83232	0	
4	 1	 4	 2	sample31	1441	3175	888	83232	0	
4	 1	 4	 3	sample31	1295	3029	888	83232	0	
4	 1	 4	 4	sample31	1295	3029	888	83232	0	
4	 2	 1	 1	sample32	14288	22228	16834	381120	0	
4	 2	 1	 2	sample32	22060	28228	21268	296064	0	
4	 2	 1	 3	sample32	18109	22505	18606	211008	0	
4	 2	 1	 4	sample32	2771	6277	1772	168288	0	
4	 2	 2	 1	sample32	19340	25508	19496	283728	0	
4	 2	 2	 2	sample32	26435	30831	26584	211008	0	
4	 2	 2	 3	sample32	17702	22098	16834	202216	0	
4	 2	 2	 4	sample32	962	4468	890	168288	0	
4	 2	 3	 1	sample32	830	3452	884	125856	0	
4	 2	 3	 2	sample32	-445.07	3951	0	211008	0	
4	 2	 3	 3	sample32	132	3638	0	168288	0	
4	 2	 3	 4	sample32	113	3619	0	168288	0	
4	 2	 4	 1	sample32	889	2623	888	83232	0	
4	 2	 4	 2	sample32	7375	9109	7978	86700	0	
4	 2	 4	 3	sample32	2290	4024	1772	83232	0	
4	 2	 4	 4	sample32	479	3101	0	125856	0	
4	 3	 1	 1	sample33	18905	21527	18608	125856	0	
4	 3	 1	 2	sample33	9749	11483	7978	83232	0	
4	 3	 1	 3	sample33	6334	8068	6206	83232	0	
4	 3	 1	 4	sample33	2260	5058	2662	83232	51062	
4	 3	 2	 1	sample33	20150	22772	19498	120612	0	
4	 3	 2	 2	sample33	13257	16763	8862	168288	0	
4	 3	 2	 3	sample33	11427	14049	9746	125856	0	
4	 3	 2	 4	sample33	2751	5373	2656	125856	0	
4	 3	 3	 1	sample33	3065	5687	3546	125856	0	
4	 3	 3	 2	sample33	812	4776	890	168288	22010	
4	 3	 3	 3	sample33	1533	4155	1774	125856	0	
4	 3	 3	 4	sample33	906	3528	884	125856	0	
4	 3	 4	 1	sample33	3636	6258	3546	125856	0	
4	 3	 4	 2	sample33	2567	5189	2656	125856	0	
4	 3	 4	 3	sample33	1810	4432	1774	125856	0	
4	 3	 4	 4	sample33	512	4714	890	168288	33378	
4	 4	 1	 1	sample34	20827	24333	19496	147252	0	
4	 4	 1	 2	sample34	5024	8530	4434	168288	0	
4	 4	 1	 3	sample34	3602	7108	3544	168288	0	
4	 4	 1	 4	sample34	921	5317	882	211008	0	
4	 4	 2	 1	sample34	19239	22745	18614	168288	0	
4	 4	 2	 2	sample34	6334	9840	5318	168288	0	
4	 4	 2	 3	sample34	2859	7255	2654	211008	0	
4	 4	 2	 4	sample34	1419	5815	882	211008	0	
4	 4	 3	 1	sample34	1718	5224	1772	168288	0	
4	 4	 3	 2	sample34	515	4911	882	211008	0	
4	 4	 3	 3	sample34	515	4911	882	211008	0	
4	 4	 3	 4	sample34	644	5040	0	211008	0	
4	 4	 4	 1	sample34	2106	5612	1772	168288	0	
4	 4	 4	 2	sample34	2269	6665	2654	211008	0	
4	 4	 4	 3	sample34	2716	7994	2662	253344	0	
4	 4	 4	 4	sample34	1604	7772	882	296064	0	
4	 5	 1	 1	sample35	21747	29725	22152	382944	0	
4	 5	 1	 2	sample35	9394	19146	8860	468096	0	
4	 5	 1	 3	sample35	6409	15269	6208	425280	0	
4	 5	 1	 4	sample35	3137	11115	2656	382944	0	
4	 5	 2	 1	sample35	15936	24796	15070	425280	0	
4	 5	 2	 2	sample35	11023	23429	10634	595488	0	
4	 5	 2	 3	sample35	6500	18906	6206	595488	0	
4	 5	 2	 4	sample35	3897	16303	3544	595488	0	
4	 5	 3	 1	sample35	8139	17891	4426	468096	0	
4	 5	 3	 2	sample35	2032	14438	1772	595488	0	
4	 5	 3	 3	sample35	427	14605	890	680544	0	
4	 5	 3	 4	sample35	1346	16414	882	723264	0	
4	 5	 4	 1	sample35	3398	14032	3544	510432	0	
4	 5	 4	 2	sample35	-1720.32	14913	0	680544	117876	
4	 5	 4	 3	sample35	740	14918	890	680544	0	
4	 5	 4	 4	sample35	718	15786	882	723264	0	
4	 6	 1	 1	sample36	26699	32897	26585	297504	0	
4	 6	 1	 2	sample36	11539	16855	10634	244536	0	
4	 6	 1	 3	sample36	6710	14260	7090	255168	107204	
4	 6	 1	 4	sample36	5339	11537	5318	297504	0	
4	 6	 2	 1	sample36	23429	31401	24811	382656	0	
4	 6	 2	 2	sample36	13987	21959	9752	366712	0	
4	 6	 2	 3	sample36	7792	15764	7090	382656	0	
4	 6	 2	 4	sample36	3196	12940	2662	467712	0	
4	 6	 3	 1	sample36	3398	13142	2662	467712	0	
4	 6	 3	 2	sample36	2010	12644	1772	510432	0	
4	 6	 3	 3	sample36	828	11462	882	510432	0	
4	 6	 3	 4	sample36	611	12127	890	552768	0	
4	 6	 4	 1	sample36	2402	13918	2662	552768	0	
4	 6	 4	 2	sample36	1922	13438	1772	552768	0	
4	 6	 4	 3	sample36	1309	13715	1772	595488	0	
4	 6	 4	 4	sample36	1571	13087	1772	552768	0	
4	 7	 1	 1	sample37	16568	27204	15949	489256	0	
4	 7	 1	 2	sample37	7847	18483	7088	510528	0	
4	 7	 1	 3	sample37	4228	13092	4432	425472	0	
4	 7	 1	 4	sample37	3174	11154	2656	383040	0	
4	 7	 2	 1	sample37	16728	27364	16839	510528	0	
4	 7	 2	 2	sample37	8604	19240	7088	510528	0	
4	 7	 2	 3	sample37	3099	14625	2654	530196	0	
4	 7	 2	 4	sample37	2951	14477	2654	553248	0	
4	 7	 3	 1	sample37	1220	11856	890	510528	0	
4	 7	 3	 2	sample37	1238	11874	890	510528	0	
4	 7	 3	 3	sample37	91.6	13388	0	638208	0	
4	 7	 3	 4	sample37	1570	15750	1772	680640	0	
4	 7	 4	 1	sample37	370	11006	0	510528	0	
4	 7	 4	 2	sample37	-201.99	10434	0	510528	0	
4	 7	 4	 3	sample37	1215	12741	1770	553248	0	
4	 7	 4	 4	sample37	2141	15437	1774	638208	0	
4	 8	 1	 1	sample38	20956	40452	20385	935808	0	
4	 8	 1	 2	sample38	20067	33363	19497	638208	0	
4	 8	 1	 3	sample38	14198	23060	14180	443100	0	
4	 8	 1	 4	sample38	10580	15898	10634	255264	0	
4	 8	 2	 1	sample38	22771	40495	22157	815304	0	
4	 8	 2	 2	sample38	17150	33990	16835	808320	0	
4	 8	 2	 3	sample38	10483	25553	9744	723360	0	
4	 8	 2	 4	sample38	8085	17837	7972	468096	0	
4	 8	 3	 1	sample38	6941	23781	6202	808320	0	
4	 8	 3	 2	sample38	3177	20901	2662	850752	0	
4	 8	 3	 3	sample38	888	18612	890	850752	0	
4	 8	 3	 4	sample38	2694	15990	2656	638208	0	
4	 8	 4	 1	sample38	3139	19091	2662	765696	0	
4	 8	 4	 2	sample38	3360	20200	3546	808320	0	
4	 8	 4	 3	sample38	703	18427	890	850752	0	
4	 8	 4	 4	sample38	1109	17061	888	765696	0	
4	 9	 1	 1	sample 39	28057	44891	27475	740696	0	
4	 9	 1	 2	sample 39	23850	38912	23039	692852	0	
4	 9	 1	 3	sample 39	25045	34789	23931	448224	0	
4	 9	 1	 4	sample 39	16358	23446	12408	354400	0	
4	 9	 2	 1	sample 39	27433	41611	26585	680544	0	
4	 9	 2	 2	sample 39	29464	43642	30131	680544	0	
4	 9	 2	 3	sample 39	14472	26878	13290	595488	0	
4	 9	 2	 4	sample 39	10876	22392	10634	552768	0	
4	 9	 3	 1	sample 39	6956	20246	6206	611340	0	
4	 9	 3	 2	sample 39	809	18568	4428	680544	171898	
4	 9	 3	 3	sample 39	3305	16595	2662	637920	0	
4	 9	 3	 4	sample 39	1145	14435	1772	637920	0	
4	 9	 4	 1	sample 39	9233	23411	8862	708900	0	
4	 9	 4	 2	sample 39	5500	19678	4428	680544	0	
4	 9	 4	 3	sample 39	3617	17795	3544	680544	0	
4	 9	 4	 4	sample 39	1533	14823	1772	637920	0	
4	 10	 1	 1	sample 40	19719	28581	17724	425376	0	
4	 10	 1	 2	sample 40	9285	15491	7972	310300	0	
4	 10	 1	 3	sample 40	5447	10765	4432	255264	0	
4	 10	 1	 4	sample 40	4983	9417	4428	212832	0	
4	 10	 2	 1	sample 40	14366	26772	13296	595488	0	
4	 10	 2	 2	sample 40	7628	17378	7090	448500	0	
4	 10	 2	 3	sample 40	6368	12574	5318	297888	0	
4	 10	 2	 4	sample 40	3829	9147	2662	265900	0	
4	 10	 3	 1	sample 40	1498	15676	1774	680544	0	
4	 10	 3	 2	sample 40	1733	13257	1772	553152	0	
4	 10	 3	 3	sample 40	2083	10063	2654	383040	0	
4	 10	 3	 4	sample 40	1292	6610	1770	255264	0	
4	 10	 4	 1	sample 40	2015	16193	1774	680544	0	
4	 10	 4	 2	sample 40	1346	14642	1772	638208	0	
4	 10	 4	 3	sample 40	1331	11965	1772	510432	0	
4	 10	 4	 4	sample 40	445	7533	0	340224	0	
