MicroVigene	 Version	 2100
Culture	en-US
5/9/2005 8:01:39 PM
Roi Row	 4	 Roi Col	 10	 Main Row	 4	 Main Col	 4	 Sub Row	 1	 Sub Col	 1
Main Row	 Main Col	 Sub Row	 Sub Col	  GeneID	mean_net	 mean_total	 median_net	 vol_bkg	 vol_dust	 
1	 1	 1	 1	sample1	8366	14588	8334	298656	0	
1	 1	 1	 2	sample1	9969	15467	10576	263904	0	
1	 1	 1	 3	sample1	9615	12771	10832	145176	0	
1	 1	 1	 4	sample1	9292	11632	10140	112320	0	
1	 1	 2	 1	sample1	11803	14585	12120	133536	0	
1	 1	 2	 2	sample1	12908	15646	13246	131424	0	
1	 1	 2	 3	sample1	11150	13106	13050	93888	0	
1	 1	 2	 4	sample1	10632	12512	11982	90240	0	
1	 1	 3	 1	sample1	5356	7502	6106	103008	0	
1	 1	 3	 2	sample1	4026	5724	4128	81504	0	
1	 1	 3	 3	sample1	2032	3452	2052	68160	0	
1	 1	 3	 4	sample1	1371	2907	1442	73728	0	
1	 1	 4	 1	sample1	5940	8032	6224	96232	0	
1	 1	 4	 2	sample1	4085	5763	4292	80544	0	
1	 1	 4	 3	sample1	2224	3484	2308	57960	0	
1	 1	 4	 4	sample1	1275	2645	1318	65760	0	
1	 2	 1	 1	sample2	5392	15504	5412	465152	0	
1	 2	 1	 2	sample2	6802	15972	6904	440160	0	
1	 2	 1	 3	sample2	10573	14953	10982	201480	0	
1	 2	 1	 4	sample2	12000	13806	12582	86688	0	
1	 2	 2	 1	sample2	10127	15481	10300	256992	0	
1	 2	 2	 2	sample2	12255	15903	12490	175104	0	
1	 2	 2	 3	sample2	12467	14851	13814	114432	0	
1	 2	 2	 4	sample2	12582	13898	13538	63168	0	
1	 2	 3	 1	sample2	6904	11156	6978	204096	0	
1	 2	 3	 2	sample2	5962	8516	6448	122592	0	
1	 2	 3	 3	sample2	3439	4887	3542	72400	0	
1	 2	 3	 4	sample2	1774	2808	1786	49632	0	
1	 2	 4	 1	sample2	6038	11168	6064	246240	0	
1	 2	 4	 2	sample2	5596	8260	5778	127872	0	
1	 2	 4	 3	sample2	3380	5146	3586	84768	0	
1	 2	 4	 4	sample2	1987	3043	1944	50688	0	
1	 3	 1	 1	sample3	6928	15822	6774	426912	0	
1	 3	 1	 2	sample3	7437	15919	7714	407136	0	
1	 3	 1	 3	sample3	11588	15902	12062	215700	0	
1	 3	 1	 4	sample3	11789	13661	12924	89856	0	
1	 3	 2	 1	sample3	10957	15745	11432	229824	0	
1	 3	 2	 2	sample3	12456	16618	12452	191452	0	
1	 3	 2	 3	sample3	13409	15847	13944	121900	0	
1	 3	 2	 4	sample3	12063	13667	13282	76992	0	
1	 3	 3	 1	sample3	9193	12151	10358	136068	0	
1	 3	 3	 2	sample3	7323	9325	8470	88088	0	
1	 3	 3	 3	sample3	5070	6122	5466	50496	0	
1	 3	 3	 4	sample3	2654	3658	2802	46184	0	
1	 3	 4	 1	sample3	9973	12239	10268	104236	0	
1	 3	 4	 2	sample3	8382	9898	8932	72768	0	
1	 3	 4	 3	sample3	5311	6137	5656	39648	0	
1	 3	 4	 4	sample3	3004	3820	3100	39168	0	
1	 4	 1	 1	sample4	9734	14854	9980	245760	0	
1	 4	 1	 2	sample4	11153	13859	11530	129888	0	
1	 4	 1	 3	sample4	9808	11820	10640	96576	0	
1	 4	 1	 4	sample4	8214	9866	8498	75992	0	
1	 4	 2	 1	sample4	13128	16024	13456	139008	0	
1	 4	 2	 2	sample4	13153	15141	13324	95424	0	
1	 4	 2	 3	sample4	11327	12779	12152	66792	0	
1	 4	 2	 4	sample4	8076	9572	8782	71808	0	
1	 4	 3	 1	sample4	4113	6647	4078	106428	0	
1	 4	 3	 2	sample4	2903	4615	2818	82176	0	
1	 4	 3	 3	sample4	1382	2588	1436	57888	0	
1	 4	 3	 4	sample4	649	1801	586	55296	0	
1	 4	 4	 1	sample4	4386	7442	4504	146688	0	
1	 4	 4	 2	sample4	2726	4984	2660	108384	0	
1	 4	 4	 3	sample4	1423	2765	1478	64416	0	
1	 4	 4	 4	sample4	694	1960	638	60768	0	
1	 5	 1	 1	sample5	2508	7916	2414	259584	0	
1	 5	 1	 2	sample5	4871	7687	4780	129536	0	
1	 5	 1	 3	sample5	4010	5944	4322	88964	0	
1	 5	 1	 4	sample5	2161	3651	2220	71520	0	
1	 5	 2	 1	sample5	3703	8729	3756	241248	0	
1	 5	 2	 2	sample5	5234	7754	5026	120960	0	
1	 5	 2	 3	sample5	4426	6154	4398	82944	0	
1	 5	 2	 4	sample5	2600	3950	2622	62100	0	
1	 5	 3	 1	sample5	29.7	4898	-651.99	233664	0	
1	 5	 3	 2	sample5	267	2479	38	106176	0	
1	 5	 3	 3	sample5	-50.62	1311	-113.99	65376	0	
1	 5	 3	 4	sample5	-8.37	1054	-49.99	50976	0	
1	 5	 4	 1	sample5	-16.03	6534	-1289.99	314400	0	
1	 5	 4	 2	sample5	300	3172	-143.99	137856	0	
1	 5	 4	 3	sample5	246	1816	186	75360	0	
1	 5	 4	 4	sample5	-250.12	1110	-261.99	65280	0	
1	 6	 1	 1	sample6	6665	19683	6696	624864	0	
1	 6	 1	 2	sample6	7526	18546	7448	506920	0	
1	 6	 1	 3	sample6	11570	17874	12328	315200	0	
1	 6	 1	 4	sample6	15004	17170	15630	103968	0	
1	 6	 2	 1	sample6	14092	19938	14138	268916	0	
1	 6	 2	 2	sample6	14823	19395	14906	219456	0	
1	 6	 2	 3	sample6	15636	18434	16588	134304	0	
1	 6	 2	 4	sample6	15230	16898	16544	80064	0	
1	 6	 3	 1	sample6	12313	15669	12830	140952	0	
1	 6	 3	 2	sample6	9207	11287	10208	99840	0	
1	 6	 3	 3	sample6	5758	7202	6140	66424	0	
1	 6	 3	 4	sample6	3600	4658	3658	50784	0	
1	 6	 4	 1	sample6	11337	14475	12260	150624	0	
1	 6	 4	 2	sample6	9425	11345	10268	88320	0	
1	 6	 4	 3	sample6	5606	6854	5908	59904	0	
1	 6	 4	 4	sample6	3994	4960	4202	46368	0	
1	 7	 1	 1	sample7	9627	13287	9954	168360	0	
1	 7	 1	 2	sample7	11001	14275	11874	150604	0	
1	 7	 1	 3	sample7	9274	11530	9822	108288	0	
1	 7	 1	 4	sample7	6227	8097	6320	86020	0	
1	 7	 2	 1	sample7	12324	13920	12590	76608	0	
1	 7	 2	 2	sample7	12802	14330	13320	73344	0	
1	 7	 2	 3	sample7	9847	11347	10206	72000	0	
1	 7	 2	 4	sample7	6554	8056	6878	72096	0	
1	 7	 3	 1	sample7	3474	4518	3780	48024	0	
1	 7	 3	 2	sample7	2076	2980	2134	43392	0	
1	 7	 3	 3	sample7	934	1984	934	50400	0	
1	 7	 3	 4	sample7	364	1592	382	58944	0	
1	 7	 4	 1	sample7	3869	4845	4004	46848	0	
1	 7	 4	 2	sample7	2155	2991	2152	41800	0	
1	 7	 4	 3	sample7	1188	2216	1182	49344	0	
1	 7	 4	 4	sample7	538	1942	556	67392	0	
1	 8	 1	 1	sample8	7852	19748	8058	571008	0	
1	 8	 1	 2	sample8	9880	18958	9972	417588	0	
1	 8	 1	 3	sample8	13395	17983	14380	220224	0	
1	 8	 1	 4	sample8	13112	15960	13794	136704	0	
1	 8	 2	 1	sample8	14902	20430	15016	265344	0	
1	 8	 2	 2	sample8	14951	19931	15180	239040	0	
1	 8	 2	 3	sample8	15965	19021	16578	146688	0	
1	 8	 2	 4	sample8	13908	15478	15556	75360	0	
1	 8	 3	 1	sample8	9255	11703	10110	117504	0	
1	 8	 3	 2	sample8	7008	8906	7734	83512	0	
1	 8	 3	 3	sample8	3610	4734	3682	53952	0	
1	 8	 3	 4	sample8	2661	3335	2738	32352	0	
1	 8	 4	 1	sample8	9352	11762	9840	115680	0	
1	 8	 4	 2	sample8	7134	8872	7464	83424	0	
1	 8	 4	 3	sample8	3534	4678	3622	54912	0	
1	 8	 4	 4	sample8	2580	3438	2632	39468	0	
1	 9	 1	 1	sample9	9011	19707	9254	513408	0	
1	 9	 1	 2	sample9	11794	19302	11724	360384	0	
1	 9	 1	 3	sample9	13501	17923	14080	203412	0	
1	 9	 1	 4	sample9	12495	15173	13390	128544	0	
1	 9	 2	 1	sample9	15073	20109	15268	241728	0	
1	 9	 2	 2	sample9	15943	20167	16438	202752	0	
1	 9	 2	 3	sample9	15213	17939	16220	125396	0	
1	 9	 2	 4	sample9	13983	15847	14728	89472	0	
1	 9	 3	 1	sample9	8445	10521	9034	95496	0	
1	 9	 3	 2	sample9	6063	7789	6392	82848	0	
1	 9	 3	 3	sample9	3232	4362	3332	54240	0	
1	 9	 3	 4	sample9	1785	2693	1960	43584	0	
1	 9	 4	 1	sample9	9245	10879	9660	78432	0	
1	 9	 4	 2	sample9	5689	7079	5940	66720	0	
1	 9	 4	 3	sample9	4024	5046	4200	42924	0	
1	 9	 4	 4	sample9	1855	2647	1792	38016	0	
1	 10	 1	 1	sample10	11241	20603	11438	449376	0	
1	 10	 1	 2	sample10	12123	19899	12922	357696	0	
1	 10	 1	 3	sample10	13170	18378	14164	260400	0	
1	 10	 1	 4	sample10	12908	16008	13790	148800	0	
1	 10	 2	 1	sample10	10738	21186	11226	480608	0	
1	 10	 2	 2	sample10	13989	21105	14680	341568	0	
1	 10	 2	 3	sample10	14365	18567	15714	201696	0	
1	 10	 2	 4	sample10	13928	16388	14788	118080	0	
1	 10	 3	 1	sample10	7472	11872	7284	211200	0	
1	 10	 3	 2	sample10	4995	8419	5112	164352	0	
1	 10	 3	 3	sample10	3221	5819	3318	124704	0	
1	 10	 3	 4	sample10	1958	3714	1986	84288	0	
1	 10	 4	 1	sample10	8371	11525	8694	151392	0	
1	 10	 4	 2	sample10	5285	8025	5798	131520	0	
1	 10	 4	 3	sample10	3590	5648	3650	98784	0	
1	 10	 4	 4	sample10	1939	3589	1996	79200	0	
2	 1	 1	 1	sample11	8384	13354	8440	228620	0	
2	 1	 1	 2	sample11	10511	15057	11428	227300	0	
2	 1	 1	 3	sample11	12120	14972	13094	136896	0	
2	 1	 1	 4	sample11	9362	11670	10410	110784	0	
2	 1	 2	 1	sample11	10254	12682	10658	116544	0	
2	 1	 2	 2	sample11	12460	14984	14086	121152	0	
2	 1	 2	 3	sample11	12508	14934	13768	116448	0	
2	 1	 2	 4	sample11	9418	11950	10222	121536	0	
2	 1	 3	 1	sample11	4922	6862	5478	89240	0	
2	 1	 3	 2	sample11	2989	4963	3388	94752	0	
2	 1	 3	 3	sample11	2192	4320	2132	102144	0	
2	 1	 3	 4	sample11	910	3532	974	125856	0	
2	 1	 4	 1	sample11	5064	8080	5522	150800	0	
2	 1	 4	 2	sample11	2809	5587	2962	133344	0	
2	 1	 4	 3	sample11	2159	4509	2102	112800	0	
2	 1	 4	 4	sample11	1239	4127	1288	138624	0	
2	 2	 1	 1	sample12	5538	17660	5678	581856	0	
2	 2	 1	 2	sample12	9328	16800	9458	358656	0	
2	 2	 1	 3	sample12	12099	16739	12726	204160	0	
2	 2	 1	 4	sample12	11979	14699	13474	130560	0	
2	 2	 2	 1	sample12	11799	17867	12216	279128	0	
2	 2	 2	 2	sample12	11929	16839	12618	235680	0	
2	 2	 2	 3	sample12	13881	16909	14650	145344	0	
2	 2	 2	 4	sample12	15229	16737	15774	72384	0	
2	 2	 3	 1	sample12	9183	14085	9726	235296	0	
2	 2	 3	 2	sample12	7481	10903	8252	143724	0	
2	 2	 3	 3	sample12	5163	6867	5628	81792	0	
2	 2	 3	 4	sample12	3306	4222	3630	40304	0	
2	 2	 4	 1	sample12	7764	12794	8558	241440	0	
2	 2	 4	 2	sample12	7428	10818	8008	155940	0	
2	 2	 4	 3	sample12	5292	6972	5762	80640	0	
2	 2	 4	 4	sample12	3482	4400	3668	44064	0	
2	 3	 1	 1	sample13	10328	17366	10706	337824	0	
2	 3	 1	 2	sample13	12449	16977	13260	208288	0	
2	 3	 1	 3	sample13	13199	15983	14072	128064	0	
2	 3	 1	 4	sample13	11441	13595	12912	103392	0	
2	 3	 2	 1	sample13	13239	17871	13708	222336	0	
2	 3	 2	 2	sample13	14271	17465	14750	153312	0	
2	 3	 2	 3	sample13	14808	16776	15636	94464	0	
2	 3	 2	 4	sample13	12235	13835	13262	76800	0	
2	 3	 3	 1	sample13	7615	11363	7910	172408	0	
2	 3	 3	 2	sample13	5122	7486	5320	113472	0	
2	 3	 3	 3	sample13	3919	5185	4182	60768	0	
2	 3	 3	 4	sample13	1699	2715	1650	48768	0	
2	 3	 4	 1	sample13	7084	11320	7218	177912	0	
2	 3	 4	 2	sample13	4962	7858	5084	139008	0	
2	 3	 4	 3	sample13	3882	5324	4022	69216	0	
2	 3	 4	 4	sample13	1806	2580	1842	37152	0	
2	 4	 1	 1	sample14	5782	18242	5864	598080	0	
2	 4	 1	 2	sample14	10955	18501	11048	362208	0	
2	 4	 1	 3	sample14	12841	17811	13722	238560	0	
2	 4	 1	 4	sample14	14173	17381	15422	153984	0	
2	 4	 2	 1	sample14	13341	18205	13964	223744	0	
2	 4	 2	 2	sample14	14981	18247	15556	163300	0	
2	 4	 2	 3	sample14	14844	17180	16400	112128	0	
2	 4	 2	 4	sample14	15379	17475	16656	100608	0	
2	 4	 3	 1	sample14	13844	16174	14556	111840	0	
2	 4	 3	 2	sample14	10770	12240	11916	70560	0	
2	 4	 3	 3	sample14	7875	8921	8576	50208	0	
2	 4	 3	 4	sample14	4702	5972	5510	58420	0	
2	 4	 4	 1	sample14	12325	14653	14504	107088	0	
2	 4	 4	 2	sample14	10963	12381	12250	65228	0	
2	 4	 4	 3	sample14	8267	9263	8812	49800	0	
2	 4	 4	 4	sample14	4336	5404	4792	51264	0	
2	 5	 1	 1	sample15	914	18078	1054	823872	0	
2	 5	 1	 2	sample15	3431	17529	3402	676704	0	
2	 5	 1	 3	sample15	9312	16916	9438	349784	0	
2	 5	 1	 4	sample15	13723	17129	14088	163488	0	
2	 5	 2	 1	sample15	13709	18935	13700	229944	0	
2	 5	 2	 2	sample15	14306	18120	14422	183072	0	
2	 5	 2	 3	sample15	14731	17851	15068	149760	0	
2	 5	 2	 4	sample15	14084	16940	15354	137088	0	
2	 5	 3	 1	sample15	13104	15894	14654	133920	0	
2	 5	 3	 2	sample15	11908	13616	12564	81984	0	
2	 5	 3	 3	sample15	8148	9450	9522	62496	0	
2	 5	 3	 4	sample15	4406	6178	4466	85056	0	
2	 5	 4	 1	sample15	13728	15826	15154	100704	0	
2	 5	 4	 2	sample15	11996	12984	12864	45448	0	
2	 5	 4	 3	sample15	9200	9914	10192	34272	0	
2	 5	 4	 4	sample15	4602	5714	4852	53376	0	
2	 6	 1	 1	sample16	4065	18663	4088	700704	0	
2	 6	 1	 2	sample16	8479	18015	8400	457728	0	
2	 6	 1	 3	sample16	12280	17562	13058	253536	0	
2	 6	 1	 4	sample16	14952	17160	15482	105984	0	
2	 6	 2	 1	sample16	11675	18985	11740	350880	0	
2	 6	 2	 2	sample16	13322	18150	13572	222088	0	
2	 6	 2	 3	sample16	14509	17649	15496	150720	0	
2	 6	 2	 4	sample16	13853	16323	15328	118560	0	
2	 6	 3	 1	sample16	9821	15573	10398	276096	0	
2	 6	 3	 2	sample16	9283	12353	9764	147360	0	
2	 6	 3	 3	sample16	5094	7332	6004	107424	0	
2	 6	 3	 4	sample16	2836	4998	2924	103776	0	
2	 6	 4	 1	sample16	8286	15976	8838	353740	0	
2	 6	 4	 2	sample16	7643	12307	8344	233200	0	
2	 6	 4	 3	sample16	5759	8439	5976	123280	0	
2	 6	 4	 4	sample16	3068	5262	3248	109700	0	
2	 7	 1	 1	sample17	13431	18953	13990	254012	0	
2	 7	 1	 2	sample17	13346	17496	14896	199200	0	
2	 7	 1	 3	sample17	14021	16949	14790	140544	0	
2	 7	 1	 4	sample17	11091	12971	12154	90240	0	
2	 7	 2	 1	sample17	16441	19849	16930	163584	0	
2	 7	 2	 2	sample17	15406	18188	16312	127972	0	
2	 7	 2	 3	sample17	14675	16649	15732	90804	0	
2	 7	 2	 4	sample17	12543	13919	13252	68800	0	
2	 7	 3	 1	sample17	5892	9288	6188	142632	0	
2	 7	 3	 2	sample17	3726	6168	3892	112332	0	
2	 7	 3	 3	sample17	3214	4512	3240	62304	0	
2	 7	 3	 4	sample17	1621	2477	1696	41088	0	
2	 7	 4	 1	sample17	5002	10236	4944	240764	0	
2	 7	 4	 2	sample17	3306	6694	3320	162624	0	
2	 7	 4	 3	sample17	2603	4423	2778	87360	0	
2	 7	 4	 4	sample17	1494	2354	1452	41280	0	
2	 8	 1	 1	sample18	1097	19625	1054	889344	0	
2	 8	 1	 2	sample18	3829	18963	3780	726432	0	
2	 8	 1	 3	sample18	9035	18971	9018	476928	0	
2	 8	 1	 4	sample18	14081	19015	14646	236832	0	
2	 8	 2	 1	sample18	12840	20208	12710	353664	0	
2	 8	 2	 2	sample18	12537	19387	12586	328800	0	
2	 8	 2	 3	sample18	15969	19827	16136	185184	0	
2	 8	 2	 4	sample18	15616	18426	16650	134880	0	
2	 8	 3	 1	sample18	14046	17532	15022	160356	0	
2	 8	 3	 2	sample18	11098	14228	11692	156500	0	
2	 8	 3	 3	sample18	8094	10366	8410	113600	0	
2	 8	 3	 4	sample18	5324	7254	5570	92640	0	
2	 8	 4	 1	sample18	15606	17050	16430	66424	0	
2	 8	 4	 2	sample18	12618	13990	13482	57624	0	
2	 8	 4	 3	sample18	8802	10108	9406	62688	0	
2	 8	 4	 4	sample18	6023	7551	6144	73344	0	
2	 9	 1	 1	sample19	2586	19932	2652	832608	0	
2	 9	 1	 2	sample19	4694	19302	4780	701184	0	
2	 9	 1	 3	sample19	11063	19247	11352	392832	0	
2	 9	 1	 4	sample19	12799	18065	13452	252768	0	
2	 9	 2	 1	sample19	11145	20181	11138	433728	0	
2	 9	 2	 2	sample19	12496	19832	12494	352128	0	
2	 9	 2	 3	sample19	15318	19910	15488	220416	0	
2	 9	 2	 4	sample19	14185	17465	14642	144320	0	
2	 9	 3	 1	sample19	12034	15338	12466	151984	0	
2	 9	 3	 2	sample19	8346	11354	8552	138368	0	
2	 9	 3	 3	sample19	5947	8071	6038	93456	0	
2	 9	 3	 4	sample19	2773	4375	2880	76896	0	
2	 9	 4	 1	sample19	12449	15569	12958	149760	0	
2	 9	 4	 2	sample19	8950	11400	9148	117600	0	
2	 9	 4	 3	sample19	6393	8055	6892	79776	0	
2	 9	 4	 4	sample19	2851	4019	3012	56064	0	
2	 10	 1	 1	sample20	1441	20495	1462	914592	0	
2	 10	 1	 2	sample20	1956	19764	1908	854784	0	
2	 10	 1	 3	sample20	8676	19554	8842	500388	0	
2	 10	 1	 4	sample20	14342	18660	15248	207264	0	
2	 10	 2	 1	sample20	2885	20289	2882	835392	0	
2	 10	 2	 2	sample20	5187	19661	5232	694752	0	
2	 10	 2	 3	sample20	12531	19427	13212	317216	0	
2	 10	 2	 4	sample20	16243	19309	16734	153300	0	
2	 10	 3	 1	sample20	10138	17180	10106	338016	0	
2	 10	 3	 2	sample20	10071	14271	9960	193200	0	
2	 10	 3	 3	sample20	7801	10417	7862	125568	0	
2	 10	 3	 4	sample20	5460	6914	5518	66884	0	
2	 10	 4	 1	sample20	13559	17157	14466	172704	0	
2	 10	 4	 2	sample20	11384	13550	11718	99636	0	
2	 10	 4	 3	sample20	7864	9372	8468	72384	0	
2	 10	 4	 4	sample20	5323	6211	5518	42624	0	
3	 1	 1	 1	sample21	2511	17223	2444	706176	0	
3	 1	 1	 2	sample21	1566	17412	1556	760608	0	
3	 1	 1	 3	sample21	4538	18752	4508	710700	0	
3	 1	 1	 4	sample21	8883	19507	8984	509952	0	
3	 1	 2	 1	sample21	9407	17351	9524	381312	0	
3	 1	 2	 2	sample21	8318	18098	8436	469440	0	
3	 1	 2	 3	sample21	11671	19919	11734	346416	0	
3	 1	 2	 4	sample21	11858	19310	12728	357696	0	
3	 1	 3	 1	sample21	10014	15102	10396	244224	0	
3	 1	 3	 2	sample21	8517	14421	8106	295200	0	
3	 1	 3	 3	sample21	11033	14549	12746	168768	0	
3	 1	 3	 4	sample21	8932	12326	9746	162912	0	
3	 1	 4	 1	sample21	13823	15271	14928	72400	0	
3	 1	 4	 2	sample21	12201	14081	13756	90240	0	
3	 1	 4	 3	sample21	12920	14788	13686	89664	0	
3	 1	 4	 4	sample21	9746	11718	10310	94656	0	
3	 2	 1	 1	sample22	6584	18666	6628	579936	0	
3	 2	 1	 2	sample22	9505	17905	9792	403200	0	
3	 2	 1	 3	sample22	11536	17072	12382	265728	0	
3	 2	 1	 4	sample22	13339	15919	14686	123840	0	
3	 2	 2	 1	sample22	10121	18701	10568	411840	0	
3	 2	 2	 2	sample22	11310	16982	11918	260912	0	
3	 2	 2	 3	sample22	12856	16388	14264	176600	0	
3	 2	 2	 4	sample22	14487	16235	15428	80408	0	
3	 2	 3	 1	sample22	8099	14565	8394	297436	0	
3	 2	 3	 2	sample22	6961	10843	7412	186336	0	
3	 2	 3	 3	sample22	6052	8666	6344	125472	0	
3	 2	 3	 4	sample22	3370	4538	3330	56064	0	
3	 2	 4	 1	sample22	7907	14825	8264	318228	0	
3	 2	 4	 2	sample22	7289	11269	7486	167160	0	
3	 2	 4	 3	sample22	5484	7890	6002	115488	0	
3	 2	 4	 4	sample22	3290	4174	3534	42432	0	
3	 3	 1	 1	sample23	7806	19984	8264	511476	0	
3	 3	 1	 2	sample23	7469	19745	7478	589248	0	
3	 3	 1	 3	sample23	11470	19258	12008	373824	0	
3	 3	 1	 4	sample23	13435	18447	14426	240576	0	
3	 3	 2	 1	sample23	12893	19849	13752	333888	0	
3	 3	 2	 2	sample23	13218	19290	13360	291456	0	
3	 3	 2	 3	sample23	14139	18609	14716	205620	0	
3	 3	 2	 4	sample23	14882	18280	16036	163104	0	
3	 3	 3	 1	sample23	12205	16901	13186	234800	0	
3	 3	 3	 2	sample23	10819	14645	12182	175996	0	
3	 3	 3	 3	sample23	8601	11481	9390	126720	0	
3	 3	 3	 4	sample23	7637	9783	8156	103008	0	
3	 3	 4	 1	sample23	13722	16848	15224	150048	0	
3	 3	 4	 2	sample23	11990	14378	13590	114624	0	
3	 3	 4	 3	sample23	9830	11726	11070	91008	0	
3	 3	 4	 4	sample23	6888	8278	8232	63940	0	
3	 4	 1	 1	sample24	9689	19717	9724	481344	0	
3	 4	 1	 2	sample24	12690	19586	12920	331008	0	
3	 4	 1	 3	sample24	14082	19046	14864	238272	0	
3	 4	 1	 4	sample24	12695	17109	13630	211872	0	
3	 4	 2	 1	sample24	16052	19544	16192	167616	0	
3	 4	 2	 2	sample24	16128	19366	16642	148948	0	
3	 4	 2	 3	sample24	15463	18369	16848	145300	0	
3	 4	 2	 4	sample24	13252	16630	15190	162144	0	
3	 4	 3	 1	sample24	11035	13177	12410	102816	0	
3	 4	 3	 2	sample24	8269	10101	8870	87936	0	
3	 4	 3	 3	sample24	4526	6290	5042	84672	0	
3	 4	 3	 4	sample24	2841	4967	2894	102048	0	
3	 4	 4	 1	sample24	11607	12857	13310	60000	0	
3	 4	 4	 2	sample24	8817	9867	9276	50400	0	
3	 4	 4	 3	sample24	5424	6674	5684	60000	0	
3	 4	 4	 4	sample24	3360	4976	3392	77568	0	
3	 5	 1	 1	sample25	9878	18764	10294	426528	0	
3	 5	 1	 2	sample25	13110	18378	13184	242328	0	
3	 5	 1	 3	sample25	13902	17238	14614	160128	0	
3	 5	 1	 4	sample25	13427	15695	14082	108864	0	
3	 5	 2	 1	sample25	14311	18443	14930	198336	0	
3	 5	 2	 2	sample25	16159	18405	16890	112300	0	
3	 5	 2	 3	sample25	15480	17232	16492	87600	0	
3	 5	 2	 4	sample25	12566	14322	14104	84288	0	
3	 5	 3	 1	sample25	8913	11677	9344	132672	0	
3	 5	 3	 2	sample25	6634	8180	6838	74208	0	
3	 5	 3	 3	sample25	3765	4845	4294	51840	0	
3	 5	 3	 4	sample25	2476	3686	2448	58080	0	
3	 5	 4	 1	sample25	8437	12017	8772	171840	0	
3	 5	 4	 2	sample25	6605	8161	7104	74688	0	
3	 5	 4	 3	sample25	4198	5188	4476	47520	0	
3	 5	 4	 4	sample25	2494	3386	2516	42816	0	
3	 6	 1	 1	sample26	1480	21192	1428	946176	0	
3	 6	 1	 2	sample26	1615	20535	1590	908160	0	
3	 6	 1	 3	sample26	5128	20226	5274	694508	0	
3	 6	 1	 4	sample26	11496	20270	11714	421152	0	
3	 6	 2	 1	sample26	12390	21542	12414	439296	0	
3	 6	 2	 2	sample26	12767	20603	12768	376128	0	
3	 6	 2	 3	sample26	14694	20520	14790	279648	0	
3	 6	 2	 4	sample26	15290	20036	15448	227808	0	
3	 6	 3	 1	sample26	13305	19371	14190	291168	0	
3	 6	 3	 2	sample26	12317	16965	13826	223104	0	
3	 6	 3	 3	sample26	9108	12650	10008	170016	0	
3	 6	 3	 4	sample26	7006	9856	7608	131100	0	
3	 6	 4	 1	sample26	14689	18669	15584	183080	0	
3	 6	 4	 2	sample26	12343	15709	13942	161568	0	
3	 6	 4	 3	sample26	10201	12887	11430	128928	0	
3	 6	 4	 4	sample26	6248	8612	6508	113472	0	
3	 7	 1	 1	sample27	2042	19884	2098	856416	0	
3	 7	 1	 2	sample27	2547	18909	2608	785376	0	
3	 7	 1	 3	sample27	8993	18087	9270	418324	0	
3	 7	 1	 4	sample27	13575	17831	14038	195776	0	
3	 7	 2	 1	sample27	12156	20192	12188	385728	0	
3	 7	 2	 2	sample27	12772	19476	12750	321792	0	
3	 7	 2	 3	sample27	14857	18801	15254	189312	0	
3	 7	 2	 4	sample27	16112	18660	16394	122304	0	
3	 7	 3	 1	sample27	13683	17949	14396	204768	0	
3	 7	 3	 2	sample27	12959	15849	13214	138720	0	
3	 7	 3	 3	sample27	9385	11493	10450	101184	0	
3	 7	 3	 4	sample27	7591	9079	8296	71424	0	
3	 7	 4	 1	sample27	14947	17263	16086	111168	0	
3	 7	 4	 2	sample27	13545	15443	14366	91104	0	
3	 7	 4	 3	sample27	10957	12327	11504	65760	0	
3	 7	 4	 4	sample27	7639	8775	8246	54528	0	
3	 8	 1	 1	sample28	12620	17344	13066	217304	0	
3	 8	 1	 2	sample28	11990	17400	12518	259680	0	
3	 8	 1	 3	sample28	12692	15922	13306	148580	0	
3	 8	 1	 4	sample28	11555	13629	12910	91256	0	
3	 8	 2	 1	sample28	14666	17016	15440	98700	0	
3	 8	 2	 2	sample28	14810	17264	15196	107976	0	
3	 8	 2	 3	sample28	13696	15698	14546	96096	0	
3	 8	 2	 4	sample28	12249	13635	13728	60984	0	
3	 8	 3	 1	sample28	8780	10358	9384	75744	0	
3	 8	 3	 2	sample28	5411	6989	5826	75744	0	
3	 8	 3	 3	sample28	3394	4668	3336	61152	0	
3	 8	 3	 4	sample28	1988	2838	2016	40800	0	
3	 8	 4	 1	sample28	8975	10921	9378	93408	0	
3	 8	 4	 2	sample28	5426	7054	5562	78144	0	
3	 8	 4	 3	sample28	3474	4714	3844	54560	0	
3	 8	 4	 4	sample28	2020	3264	1994	59712	0	
3	 9	 1	 1	sample29	2493	18639	2516	775008	0	
3	 9	 1	 2	sample29	5223	17895	5282	608256	0	
3	 9	 1	 3	sample29	10813	17851	10636	337824	0	
3	 9	 1	 4	sample29	13808	16500	14620	129216	0	
3	 9	 2	 1	sample29	10975	18495	10972	345920	0	
3	 9	 2	 2	sample29	10938	17816	10936	302632	0	
3	 9	 2	 3	sample29	14228	18120	14282	186816	0	
3	 9	 2	 4	sample29	14592	16592	15578	96000	0	
3	 9	 3	 1	sample29	10640	14224	12294	172032	0	
3	 9	 3	 2	sample29	9161	11827	10246	127968	0	
3	 9	 3	 3	sample29	6755	8621	7376	85836	0	
3	 9	 3	 4	sample29	4111	5127	4404	46736	0	
3	 9	 4	 1	sample29	12227	15361	12886	150432	0	
3	 9	 4	 2	sample29	9058	11542	10018	119232	0	
3	 9	 4	 3	sample29	6852	8460	7338	77184	0	
3	 9	 4	 4	sample29	3980	5014	4100	49632	0	
3	 10	 1	 1	sample30	12453	19143	13414	321120	0	
3	 10	 1	 2	sample30	11161	18895	11960	371232	0	
3	 10	 1	 3	sample30	13245	18495	13904	252000	0	
3	 10	 1	 4	sample30	12329	15161	14708	130272	0	
3	 10	 2	 1	sample30	12320	16946	14032	222048	0	
3	 10	 2	 2	sample30	14127	18973	15116	232608	0	
3	 10	 2	 3	sample30	13484	16888	15482	170200	0	
3	 10	 2	 4	sample30	14136	16080	15768	93312	0	
3	 10	 3	 1	sample30	9486	12180	10262	129312	0	
3	 10	 3	 2	sample30	7337	9685	7546	112704	0	
3	 10	 3	 3	sample30	4510	6258	4624	83904	0	
3	 10	 3	 4	sample30	2611	3767	2700	50864	0	
3	 10	 4	 1	sample30	8853	11253	10472	120000	0	
3	 10	 4	 2	sample30	7760	9596	8502	84456	0	
3	 10	 4	 3	sample30	4318	5652	4336	61364	0	
3	 10	 4	 4	sample30	2383	3305	2526	44256	0	
4	 1	 1	 1	sample31	12035	15239	12580	153792	0	
4	 1	 1	 2	sample31	13142	15876	14480	125764	0	
4	 1	 1	 3	sample31	12395	14849	13464	112884	0	
4	 1	 1	 4	sample31	10644	13058	12334	111044	0	
4	 1	 2	 1	sample31	13001	14891	14140	90720	0	
4	 1	 2	 2	sample31	12938	15040	14440	92488	0	
4	 1	 2	 3	sample31	11822	13876	13506	94484	0	
4	 1	 2	 4	sample31	10073	12179	11668	105300	0	
4	 1	 3	 1	sample31	6699	8285	7396	79300	0	
4	 1	 3	 2	sample31	4201	5875	4378	80352	0	
4	 1	 3	 3	sample31	2614	4316	2694	81696	0	
4	 1	 3	 4	sample31	2171	3841	2300	80160	0	
4	 1	 4	 1	sample31	6689	7897	7438	57984	0	
4	 1	 4	 2	sample31	4238	5656	4376	59556	0	
4	 1	 4	 3	sample31	2486	3944	2568	69984	0	
4	 1	 4	 4	sample31	2051	3355	2082	62592	0	
4	 2	 1	 1	sample32	4379	19895	4438	713736	0	
4	 2	 1	 2	sample32	8124	19586	8290	527252	0	
4	 2	 1	 3	sample32	10977	19089	11158	389376	0	
4	 2	 1	 4	sample32	11477	18411	11932	318964	0	
4	 2	 2	 1	sample32	13228	19634	13304	320300	0	
4	 2	 2	 2	sample32	15192	20010	15346	231264	0	
4	 2	 2	 3	sample32	15377	19321	15356	197200	0	
4	 2	 2	 4	sample32	15043	18407	15466	154744	0	
4	 2	 3	 1	sample32	13518	17222	14844	177792	0	
4	 2	 3	 2	sample32	11990	15136	13426	144716	0	
4	 2	 3	 3	sample32	8673	11593	9040	134320	0	
4	 2	 3	 4	sample32	6305	8611	6554	96852	0	
4	 2	 4	 1	sample32	14859	16771	16348	87952	0	
4	 2	 4	 2	sample32	13924	15774	14928	85100	0	
4	 2	 4	 3	sample32	10170	11880	11332	82080	0	
4	 2	 4	 4	sample32	7743	8983	8088	59520	0	
4	 3	 1	 1	sample33	12656	18902	12886	287316	0	
4	 3	 1	 2	sample33	13082	17178	14566	188416	0	
4	 3	 1	 3	sample33	13603	16883	14720	150880	0	
4	 3	 1	 4	sample33	10709	13349	12894	116160	0	
4	 3	 2	 1	sample33	15265	18013	16114	131904	0	
4	 3	 2	 2	sample33	13646	16168	15124	110968	0	
4	 3	 2	 3	sample33	14297	16511	15542	110700	0	
4	 3	 2	 4	sample33	12509	14417	13398	91584	0	
4	 3	 3	 1	sample33	7686	9626	8934	93120	0	
4	 3	 3	 2	sample33	5021	6777	5786	84288	0	
4	 3	 3	 3	sample33	3151	4687	3496	73728	0	
4	 3	 3	 4	sample33	2001	3495	2186	71712	0	
4	 3	 4	 1	sample33	8624	9780	10076	55488	0	
4	 3	 4	 2	sample33	6144	7464	6836	66000	0	
4	 3	 4	 3	sample33	3646	4794	3770	57400	0	
4	 3	 4	 4	sample33	2052	3274	2240	58656	0	
4	 4	 1	 1	sample34	14331	17805	16020	159804	0	
4	 4	 1	 2	sample34	12482	15382	15718	139200	0	
4	 4	 1	 3	sample34	10840	13720	12862	144000	0	
4	 4	 1	 4	sample34	8214	11018	9018	140200	0	
4	 4	 2	 1	sample34	14655	17033	16842	118900	0	
4	 4	 2	 2	sample34	12731	15081	15630	108100	0	
4	 4	 2	 3	sample34	11311	13811	12968	120000	0	
4	 4	 2	 4	sample34	9110	11618	9732	120384	0	
4	 4	 3	 1	sample34	6985	8397	8186	64952	0	
4	 4	 3	 2	sample34	4042	5430	4478	66624	0	
4	 4	 3	 3	sample34	2325	3919	2854	76512	0	
4	 4	 3	 4	sample34	1524	3268	1588	83712	0	
4	 4	 4	 1	sample34	7119	8287	8796	56064	0	
4	 4	 4	 2	sample34	4281	5319	5102	49824	0	
4	 4	 4	 3	sample34	2518	3604	2970	52128	0	
4	 4	 4	 4	sample34	1605	2937	1684	63936	0	
4	 5	 1	 1	sample35	6978	19414	7048	572056	0	
4	 5	 1	 2	sample35	10974	18796	11248	375456	0	
4	 5	 1	 3	sample35	13061	18689	13320	258888	0	
4	 5	 1	 4	sample35	13034	16864	14764	176180	0	
4	 5	 2	 1	sample35	11936	18972	12068	337728	0	
4	 5	 2	 2	sample35	12923	18491	13120	267264	0	
4	 5	 2	 3	sample35	13871	18145	14326	205152	0	
4	 5	 2	 4	sample35	13664	16790	14916	131292	0	
4	 5	 3	 1	sample35	12267	15383	12994	137104	0	
4	 5	 3	 2	sample35	8225	10793	9044	123264	0	
4	 5	 3	 3	sample35	5277	7319	5344	85764	0	
4	 5	 3	 4	sample35	3198	5262	3354	94944	0	
4	 5	 4	 1	sample35	13695	15769	14426	99552	0	
4	 5	 4	 2	sample35	9078	10608	10004	73440	0	
4	 5	 4	 3	sample35	5171	6409	5538	59424	0	
4	 5	 4	 4	sample35	3783	4951	3774	56064	0	
4	 6	 1	 1	sample36	11059	20207	11260	439104	0	
4	 6	 1	 2	sample36	12388	19042	13204	332700	0	
4	 6	 1	 3	sample36	13164	17972	14162	230784	0	
4	 6	 1	 4	sample36	14449	18111	15366	175776	0	
4	 6	 2	 1	sample36	14331	19313	14948	249100	0	
4	 6	 2	 2	sample36	14411	18887	14980	214848	0	
4	 6	 2	 3	sample36	13526	17296	15256	173420	0	
4	 6	 2	 4	sample36	14818	17786	15788	142464	0	
4	 6	 3	 1	sample36	10172	12946	11662	133152	0	
4	 6	 3	 2	sample36	6981	9361	8366	114240	0	
4	 6	 3	 3	sample36	4138	6306	4702	104064	0	
4	 6	 3	 4	sample36	3001	4803	3268	86496	0	
4	 6	 4	 1	sample36	10773	12413	11726	78720	0	
4	 6	 4	 2	sample36	7303	8623	8370	63360	0	
4	 6	 4	 3	sample36	4411	5581	5274	56160	0	
4	 6	 4	 4	sample36	2752	3948	3154	57408	0	
4	 7	 1	 1	sample37	12996	20066	13500	339360	0	
4	 7	 1	 2	sample37	13385	18457	13964	243456	0	
4	 7	 1	 3	sample37	12304	16462	13418	199584	0	
4	 7	 1	 4	sample37	10016	13236	11144	154560	0	
4	 7	 2	 1	sample37	15943	19505	16258	170976	0	
4	 7	 2	 2	sample37	14378	17498	15472	149760	0	
4	 7	 2	 3	sample37	13513	16419	14894	139488	0	
4	 7	 2	 4	sample37	10083	12733	11194	132500	0	
4	 7	 3	 1	sample37	8417	10683	9086	108768	0	
4	 7	 3	 2	sample37	4798	6882	5282	100032	0	
4	 7	 3	 3	sample37	3698	5702	3812	96192	0	
4	 7	 3	 4	sample37	2715	4431	2836	82368	0	
4	 7	 4	 1	sample37	8437	10251	9082	87072	0	
4	 7	 4	 2	sample37	4746	6312	5280	72036	0	
4	 7	 4	 3	sample37	3986	5270	4430	61632	0	
4	 7	 4	 4	sample37	2832	4058	3024	58848	0	
4	 8	 1	 1	sample38	4778	18630	4776	637192	0	
4	 8	 1	 2	sample38	8229	17285	8460	434688	0	
4	 8	 1	 3	sample38	11019	17169	11946	295200	0	
4	 8	 1	 4	sample38	12012	16062	13712	186300	0	
4	 8	 2	 1	sample38	13526	18990	13488	251344	0	
4	 8	 2	 2	sample38	13191	17531	13720	208320	0	
4	 8	 2	 3	sample38	13524	17370	14712	184608	0	
4	 8	 2	 4	sample38	12790	15478	14928	129024	0	
4	 8	 3	 1	sample38	11458	14394	13112	146800	0	
4	 8	 3	 2	sample38	9378	11796	10182	116064	0	
4	 8	 3	 3	sample38	5967	7729	6546	84576	0	
4	 8	 3	 4	sample38	3501	4951	3828	69600	0	
4	 8	 4	 1	sample38	11602	13638	13098	97728	0	
4	 8	 4	 2	sample38	8438	10040	10006	76896	0	
4	 8	 4	 3	sample38	5827	7037	6282	58080	0	
4	 8	 4	 4	sample38	3427	4303	3702	38544	0	
4	 9	 1	 1	sample 39	864	19482	940	893664	0	
4	 9	 1	 2	sample 39	3004	18692	3042	753024	0	
4	 9	 1	 3	sample 39	7184	18072	7252	500848	0	
4	 9	 1	 4	sample 39	12590	18426	12726	280128	0	
4	 9	 2	 1	sample 39	5596	19676	5650	647680	0	
4	 9	 2	 2	sample 39	8509	19159	8574	489900	0	
4	 9	 2	 3	sample 39	10546	18248	10664	369696	0	
4	 9	 2	 4	sample 39	14342	17900	14832	170784	0	
4	 9	 3	 1	sample 39	10305	16779	10934	310752	0	
4	 9	 3	 2	sample 39	8682	13652	8986	238560	0	
4	 9	 3	 3	sample 39	7538	10222	8020	128832	0	
4	 9	 3	 4	sample 39	4815	6373	4990	74784	0	
4	 9	 4	 1	sample 39	13402	16806	13812	156584	0	
4	 9	 4	 2	sample 39	11376	13950	12324	118404	0	
4	 9	 4	 3	sample 39	8451	10137	8784	80928	0	
4	 9	 4	 4	sample 39	5145	6105	5364	46080	0	
4	 10	 1	 1	sample 40	8831	20249	8904	548064	0	
4	 10	 1	 2	sample 40	10293	19265	10938	412712	0	
4	 10	 1	 3	sample 40	11083	17519	12148	308928	0	
4	 10	 1	 4	sample 40	13114	16980	14602	185568	0	
4	 10	 2	 1	sample 40	11665	20047	11764	385572	0	
4	 10	 2	 2	sample 40	13333	19947	13800	317472	0	
4	 10	 2	 3	sample 40	13999	18895	14850	235008	0	
4	 10	 2	 4	sample 40	13874	16766	15380	138816	0	
4	 10	 3	 1	sample 40	9151	12465	9312	159072	0	
4	 10	 3	 2	sample 40	6229	8925	6490	124016	0	
4	 10	 3	 3	sample 40	3857	6121	4016	108672	0	
4	 10	 3	 4	sample 40	2424	3964	2550	73920	0	
4	 10	 4	 1	sample 40	9714	11624	10914	91680	0	
4	 10	 4	 2	sample 40	6692	8306	7132	67788	0	
4	 10	 4	 3	sample 40	3908	5264	4402	62376	0	
4	 10	 4	 4	sample 40	2217	3475	2372	60384	0	
