MicroVigene	 Version	 2500
Culture	en-US
4/19/2006 12:08:59 PM
Roi Row	 4	 Roi Col	 12	 Main Row	 4	 Main Col	 4	 Sub Row	 1	 Sub Col	 1
Main Row	 Main Col	 Sub Row	 Sub Col	  GeneID	mean_net	 mean_total	 median_net	 vol_net	 vol_bkg	 vol_dust	 
1	 1	 1	 1	sample 1	11441	13497	12335	1052561	189152	0	
1	 1	 1	 2	sample 1	7323	9635	7709	915429	289000	0	
1	 1	 1	 3	sample 1	4067	6123	3854	235890	119248	0	
1	 1	 1	 4	sample 1	4099	6155	4368	250032	125416	0	
1	 1	 2	 1	sample 1	2462	4260	2570	110784	80910	0	
1	 1	 2	 2	sample 1	1504	3302	1542	60154	71920	0	
1	 1	 2	 3	sample 1	1034	2576	1028	41362	61680	0	
1	 1	 2	 4	neg con	148	1946	0	5930	71920	0	
1	 1	 3	 1	sample 2	912	2454	770	36474	61680	0	
1	 1	 3	 2	sample 2	784	2068	772	31378	51360	0	
1	 1	 3	 3	sample 2	842	2126	772	33688	51360	0	
1	 1	 3	 4	sample 2	379	1921	256	15140	61680	0	
1	 1	 4	 1	sample 2	463	1747	514	18518	51360	0	
1	 1	 4	 2	sample 2	245	1529	258	9786	51360	0	
1	 1	 4	 3	sample 2	335	1619	258	13388	51360	0	
1	 1	 4	 4	pos con	8289	9831	8993	712827	132612	0	
1	 2	 1	 1	sample 3	11663	14747	12849	1096346	289896	0	
1	 2	 1	 2	sample 3	9876	13218	10021	819738	277386	0	
1	 2	 1	 3	sample 3	8078	11162	8223	727053	277560	0	
1	 2	 1	 4	sample 3	5563	8647	5140	344903	191208	0	
1	 2	 2	 1	sample 3	3655	6483	3598	197352	152712	0	
1	 2	 2	 2	sample 3	2041	5125	2056	104108	157284	0	
1	 2	 2	 3	sample 3	1662	4490	1542	78106	132916	0	
1	 2	 2	 4	neg con	212	3040	256	8460	113120	0	
1	 2	 3	 1	sample 4	2616	4930	2570	172668	152724	0	
1	 2	 3	 2	sample 4	1162	3476	1028	46496	92560	0	
1	 2	 3	 3	sample 4	1587	4157	1542	63498	102800	0	
1	 2	 3	 4	sample 4	1384	3954	1542	71982	133640	0	
1	 2	 4	 1	sample 4	1098	3412	1028	43938	92560	0	
1	 2	 4	 2	sample 4	944	3258	1028	37756	92560	0	
1	 2	 4	 3	sample 4	843	3157	770	33726	92560	35984	
1	 2	 4	 4	pos con	8092	10406	7710	857761	245284	0	
1	 3	 1	 1	sample 5	10083	13167	10023	857084	262140	0	
1	 3	 1	 2	sample 5	9731	12815	10793	642240	203544	0	
1	 3	 1	 3	sample 5	7940	11024	7967	524013	203544	0	
1	 3	 1	 4	sample 5	4891	7719	5140	288567	166852	0	
1	 3	 2	 1	sample 5	3670	6240	3342	157822	110510	0	
1	 3	 2	 2	sample 5	2426	4996	2570	99478	105370	0	
1	 3	 2	 3	sample 5	1163	3733	1028	46538	102800	0	
1	 3	 2	 4	neg con	116	2686	0	4648	102800	0	
1	 3	 3	 1	sample 6	1124	3438	1028	44958	92560	0	
1	 3	 3	 2	sample 6	629	2943	514	25168	92560	0	
1	 3	 3	 3	sample 6	449	2763	514	17974	92560	0	
1	 3	 3	 4	sample 6	501	2815	514	20024	92560	0	
1	 3	 4	 1	sample 6	290	2346	258	11588	82240	0	
1	 3	 4	 2	sample 6	83.1	2397	0	3324	92560	0	
1	 3	 4	 3	sample 6	359	2673	256	14366	92560	0	
1	 3	 4	 4	pos con	9651	11965	10021	588718	141154	0	
1	 4	 1	 1	sample 7	11273	14357	11051	1003309	274476	0	
1	 4	 1	 2	sample 7	8942	12026	8223	697494	240552	0	
1	 4	 1	 3	sample 7	8928	12012	7709	687464	237468	0	
1	 4	 1	 4	sample 7	5411	8239	5140	281379	147056	0	
1	 4	 2	 1	sample 7	4295	6865	3856	236210	141350	0	
1	 4	 2	 2	sample 7	2499	5327	2570	99950	113120	0	
1	 4	 2	 3	sample 7	1497	4325	1284	59860	113120	0	
1	 4	 2	 4	neg con	457	3027	258	18268	102800	0	
1	 4	 3	 1	sample 8	6231	8545	5140	473584	175864	0	
1	 4	 3	 2	sample 8	3261	5831	2828	198948	156770	0	
1	 4	 3	 3	sample 8	3097	5667	2828	188924	156770	0	
1	 4	 3	 4	sample 8	2271	4841	2314	111300	125930	0	
1	 4	 4	 1	sample 8	1932	4246	2056	100464	120328	0	
1	 4	 4	 2	sample 8	1521	3835	1542	76050	115700	0	
1	 4	 4	 3	sample 8	1599	4169	1542	79948	128500	0	
1	 4	 4	 4	pos con	8594	11164	8995	627329	187610	0	
1	 5	 1	 1	sample 9	9706	12276	9251	960911	254430	0	
1	 5	 1	 2	sample 9	9201	11771	9251	791295	221020	0	
1	 5	 1	 3	sample 9	6267	8837	5912	488822	200460	0	
1	 5	 1	 4	sample 9	3012	5326	3084	129502	99502	0	
1	 5	 2	 1	sample 9	3372	5686	3340	192208	131898	0	
1	 5	 2	 2	sample 9	1928	3984	1800	88686	94576	0	
1	 5	 2	 3	sample 9	1924	4238	1798	94296	113386	0	
1	 5	 2	 4	neg con	354	2410	258	14158	82240	0	
1	 5	 3	 1	sample 10	1111	2911	1284	44434	72000	0	
1	 5	 3	 2	sample 10	540	2596	514	21608	82240	0	
1	 5	 3	 3	sample 10	315	2371	258	12616	82240	0	
1	 5	 3	 4	sample 10	258	2314	258	10304	82240	0	
1	 5	 4	 1	sample 10	436	2236	256	17456	72000	0	
1	 5	 4	 2	sample 10	430	2230	256	17198	72000	0	
1	 5	 4	 3	sample 10	513	2313	514	20536	72000	0	
1	 5	 4	 4	pos con	8472	10528	7968	745553	180928	0	
1	 6	 1	 1	sample 11	10363	12677	9765	953369	212888	0	
1	 6	 1	 2	sample 11	8982	11296	8993	745468	192062	0	
1	 6	 1	 3	sample 11	7346	9660	6938	550945	173550	0	
1	 6	 1	 4	sample 11	3908	6478	4112	230552	151630	0	
1	 6	 2	 1	sample 11	3337	5393	3084	203574	125416	0	
1	 6	 2	 2	sample 11	1985	4041	2056	99228	102800	0	
1	 6	 2	 3	sample 11	2730	4786	1800	122867	92520	0	
1	 6	 2	 4	neg con	290	2346	258	11590	82240	0	
1	 6	 3	 1	sample 12	2902	4702	2570	188602	117000	0	
1	 6	 3	 2	sample 12	1137	2937	1028	45472	72000	0	
1	 6	 3	 3	sample 12	784	2584	770	31340	72000	0	
1	 6	 3	 4	sample 12	777	2577	770	31078	72000	0	
1	 6	 4	 1	sample 12	758	2558	770	30314	72000	0	
1	 6	 4	 2	sample 12	629	2429	514	25168	72000	0	
1	 6	 4	 3	sample 12	649	2449	514	25944	72000	0	
1	 6	 4	 4	pos con	9056	11112	10279	842180	191208	0	
1	 7	 1	 1	sample 13	10064	13148	8993	925863	283728	0	
1	 7	 1	 2	sample 13	7840	11180	6940	650730	277220	0	
1	 7	 1	 3	sample 13	6627	9711	6424	444039	206628	0	
1	 7	 1	 4	sample 13	3038	6122	3084	154938	157284	0	
1	 7	 2	 1	sample 13	3740	6566	3598	216938	163908	0	
1	 7	 2	 2	sample 13	2118	4944	2056	105908	141300	0	
1	 7	 2	 3	sample 13	1619	4445	1800	76094	132822	0	
1	 7	 2	 4	neg con	225	3051	0	9008	113040	0	
1	 7	 3	 1	sample 14	2234	4804	2056	131814	151630	0	
1	 7	 3	 2	sample 14	918	3488	1028	36730	102800	0	
1	 7	 3	 3	sample 14	1162	3732	1028	46492	102800	0	
1	 7	 3	 4	sample 14	1118	3688	1028	44700	102800	0	
1	 7	 4	 1	sample 14	668	3238	514	26710	102800	0	
1	 7	 4	 2	sample 14	469	3039	514	18740	102800	0	
1	 7	 4	 3	sample 14	436	3006	256	17452	102800	0	
1	 7	 4	 4	pos con	7969	10795	6426	1123616	398466	0	
1	 8	 1	 1	sample 15	5045	6843	4626	353144	125860	0	
1	 8	 1	 2	sample 15	2066	4122	2056	103288	102800	0	
1	 8	 1	 3	sample 15	893	2949	770	35702	82240	0	
1	 8	 1	 4	sample 15	1252	3308	1284	50096	82240	0	
1	 8	 2	 1	sample 15	1034	2576	1028	41354	61680	0	
1	 8	 2	 2	sample 15	450	2248	258	18014	71920	0	
1	 8	 2	 3	sample 15	495	2293	258	19814	71920	0	
1	 8	 2	 4	neg con	213	2011	0	8502	71920	0	
1	 8	 3	 1	sample 16	2931	4473	2826	187580	98688	0	
1	 8	 3	 2	sample 16	1664	3206	1798	73220	67848	0	
1	 8	 3	 3	sample 16	2518	4060	2056	143506	87894	47026	
1	 8	 3	 4	sample 16	1792	3590	1800	64528	64728	0	
1	 8	 4	 1	sample 16	1963	3505	1798	92244	72474	0	
1	 8	 4	 2	sample 16	1966	3508	1798	78626	61680	0	
1	 8	 4	 3	sample 16	1542	3084	1542	75536	75558	0	
1	 8	 4	 4	pos con	10131	11673	11821	790188	120276	0	
1	 9	 1	 1	sample 17	12409	15237	11821	1079542	246036	0	
1	 9	 1	 2	sample 17	10066	12894	10535	875754	246036	0	
1	 9	 1	 3	sample 17	7774	10602	7196	520876	189476	0	
1	 9	 1	 4	sample 17	4088	6916	4112	351532	243208	0	
1	 9	 2	 1	sample 17	3985	6299	3598	219194	127270	0	
1	 9	 2	 2	sample 17	2178	4492	2056	87106	92560	0	
1	 9	 2	 3	sample 17	1217	3531	1283	48681	92560	38812	
1	 9	 2	 4	neg con	409	2723	514	16364	92560	25190	
1	 9	 3	 1	sample 18	2442	4498	2314	156290	131584	0	
1	 9	 3	 2	sample 18	1162	3476	1028	46496	92560	0	
1	 9	 3	 3	sample 18	867	3181	1028	34670	92560	0	
1	 9	 3	 4	sample 18	860	3174	770	34418	92560	0	
1	 9	 4	 1	sample 18	810	2866	772	32404	82240	0	
1	 9	 4	 2	sample 18	906	2962	772	36254	82240	0	
1	 9	 4	 3	sample 18	759	2815	772	30344	82240	0	
1	 9	 4	 4	pos con	8199	10255	6940	672318	168592	0	
1	 10	 1	 1	sample 19	12429	15255	13363	1056506	240210	0	
1	 10	 1	 2	sample 19	10366	13192	11307	777413	211950	0	
1	 10	 1	 3	sample 19	9311	12137	10279	605228	183690	0	
1	 10	 1	 4	sample 19	8100	10670	8223	558901	177330	0	
1	 10	 2	 1	sample 19	6105	8417	5398	396812	150280	0	
1	 10	 2	 2	sample 19	3883	6195	3598	213591	127160	0	
1	 10	 2	 3	sample 19	3256	5568	3084	156278	110976	0	
1	 10	 2	 4	neg con	412	2724	258	16470	92480	0	
1	 10	 3	 1	sample 20	1098	3154	1028	43926	82240	0	
1	 10	 3	 2	sample 20	603	2659	514	24136	82240	0	
1	 10	 3	 3	sample 20	655	2711	514	26198	82240	0	
1	 10	 3	 4	sample 20	404	2460	256	16170	82240	0	
1	 10	 4	 1	sample 20	521	2319	514	20832	71920	0	
1	 10	 4	 2	sample 20	347	2145	258	13898	71920	0	
1	 10	 4	 3	sample 20	572	2370	258	22896	71920	0	
1	 10	 4	 4	pos con	7921	9719	8737	617817	140244	0	
1	 11	 1	 1	sample 21	10684	13512	10021	929475	246036	0	
1	 11	 1	 2	sample 21	8632	11460	8223	845942	277144	0	
1	 11	 1	 3	sample 21	6033	8861	5396	440444	206444	0	
1	 11	 1	 4	sample 21	3675	6245	3598	172722	120790	0	
1	 11	 2	 1	sample 21	3901	6215	3598	237954	141154	0	
1	 11	 2	 2	sample 21	1765	4079	1542	81188	106444	0	
1	 11	 2	 3	sample 21	899	3213	1028	35964	92560	0	
1	 11	 2	 4	neg con	173	2487	0	6920	92560	0	
1	 11	 3	 1	sample 22	1625	3681	1800	86122	108968	0	
1	 11	 3	 2	sample 22	1118	3174	1028	44736	82240	0	
1	 11	 3	 3	sample 22	1207	3007	1028	48294	72000	0	
1	 11	 3	 4	sample 22	534	2590	514	21352	82240	0	
1	 11	 4	 1	sample 22	700	2500	770	27990	72000	0	
1	 11	 4	 2	sample 22	507	2307	514	20286	72000	0	
1	 11	 4	 3	sample 22	558	2358	514	22336	72000	0	
1	 11	 4	 4	pos con	9077	10877	9765	789665	156600	0	
1	 12	 1	 1	sample 23	11120	13690	11307	811778	187610	0	
1	 12	 1	 2	sample 23	9564	12134	9251	659900	177330	0	
1	 12	 1	 3	sample 23	6903	9473	7196	358980	133640	0	
1	 12	 1	 4	sample 23	6233	8803	6168	436322	179900	0	
1	 12	 2	 1	sample 23	5041	7097	5140	262110	106912	0	
1	 12	 2	 2	sample 23	3735	5791	3598	160604	88408	0	
1	 12	 2	 3	sample 23	2412	4468	2570	106118	90464	0	
1	 12	 2	 4	neg con	225	2537	258	9018	92480	0	
1	 12	 3	 1	sample 24	1394	3192	1286	62734	80910	0	
1	 12	 3	 2	sample 24	1631	3429	1542	52194	57536	0	
1	 12	 3	 3	sample 24	1009	2807	772	40370	71920	0	
1	 12	 3	 4	sample 24	893	2949	770	35702	82240	0	
1	 12	 4	 1	sample 24	693	2235	770	27732	61680	0	
1	 12	 4	 2	sample 24	277	2075	258	11068	71920	0	
1	 12	 4	 3	sample 24	373	2171	514	14924	71920	0	
1	 12	 4	 4	pos con	8673	10729	9765	485675	115136	0	
2	 1	 1	 1	sample 25	12423	14479	12591	1267138	209712	0	
2	 1	 1	 2	sample 25	11220	13532	10537	1054717	217328	0	
2	 1	 1	 3	sample 25	9020	11076	9507	811768	185040	0	
2	 1	 1	 4	sample 25	7964	9762	6940	613203	138446	0	
2	 1	 2	 1	sample 25	7405	9717	7454	555383	173400	0	
2	 1	 2	 2	sample 25	6041	8353	5912	441022	168776	0	
2	 1	 2	 3	sample 25	3825	5881	3340	263904	141864	0	
2	 1	 2	 4	neg con	264	2062	258	10562	71920	0	
2	 1	 3	 1	sample 26	1106	3418	1028	44226	92480	0	
2	 1	 3	 2	sample 26	597	2653	514	23882	82240	0	
2	 1	 3	 3	sample 26	643	2441	772	25722	71920	0	
2	 1	 3	 4	sample 26	482	2280	258	19296	71920	0	
2	 1	 4	 1	sample 26	591	2647	514	23624	82240	0	
2	 1	 4	 2	sample 26	476	2274	514	19032	71920	0	
2	 1	 4	 3	sample 26	412	2210	258	16468	71920	0	
2	 1	 4	 4	pos con	8394	10192	8737	847839	181598	0	
2	 2	 1	 1	sample 27	12928	14984	13877	1085984	172704	0	
2	 2	 1	 2	sample 27	9985	12297	10023	738863	171088	0	
2	 2	 1	 3	sample 27	8756	10812	8993	709242	166536	0	
2	 2	 1	 4	sample 27	5243	7299	4626	325057	127472	0	
2	 2	 2	 1	sample 27	5641	7697	5140	366688	133640	0	
2	 2	 2	 2	sample 27	4455	6767	4370	253937	131784	0	
2	 2	 2	 3	sample 27	4690	6746	4626	281380	123360	0	
2	 2	 2	 4	neg con	250	2306	256	10004	82240	0	
2	 2	 3	 1	sample 28	1808	3864	1798	94038	106912	0	
2	 2	 3	 2	sample 28	700	2756	770	27996	82240	0	
2	 2	 3	 3	sample 28	886	2942	1028	35444	82240	0	
2	 2	 3	 4	sample 28	719	2775	770	28762	82240	0	
2	 2	 4	 1	sample 28	1382	3180	1286	55274	71920	0	
2	 2	 4	 2	sample 28	521	2319	514	20836	71920	0	
2	 2	 4	 3	sample 28	334	2390	256	13346	82240	0	
2	 2	 4	 4	pos con	9080	11136	9765	626503	141864	0	
2	 3	 1	 1	sample 29	12950	15520	13363	1165474	231300	0	
2	 3	 1	 2	sample 29	11982	14810	11563	1090346	257348	0	
2	 3	 1	 3	sample 29	9705	12533	9507	786072	229068	0	
2	 3	 1	 4	sample 29	6352	8922	6426	381146	154200	0	
2	 3	 2	 1	sample 29	5157	7471	5396	304250	136526	0	
2	 3	 2	 2	sample 29	3207	5777	2828	128264	102800	0	
2	 3	 2	 3	sample 29	2069	4639	1800	86882	107940	0	
2	 3	 2	 4	neg con	328	2898	258	13134	102800	0	
2	 3	 3	 1	sample 30	790	3104	770	31586	92560	0	
2	 3	 3	 2	sample 30	655	2969	514	26196	92560	0	
2	 3	 3	 3	sample 30	616	2930	514	24652	92560	0	
2	 3	 3	 4	sample 30	283	2853	258	11330	102800	0	
2	 3	 4	 1	sample 30	579	2635	514	23142	82240	0	
2	 3	 4	 2	sample 30	359	2673	256	14370	92560	0	
2	 3	 4	 3	sample 30	456	2770	514	18226	92560	0	
2	 3	 4	 4	pos con	8488	11058	8995	653541	197890	0	
2	 4	 1	 1	sample 31	12266	14836	13363	1079385	226160	0	
2	 4	 1	 2	sample 31	9679	12507	9507	813055	237552	0	
2	 4	 1	 3	sample 31	8362	10932	8223	652266	200460	0	
2	 4	 1	 4	sample 31	3337	5907	3342	186871	143920	0	
2	 4	 2	 1	sample 31	4186	6756	3598	205105	125930	0	
2	 4	 2	 2	sample 31	2808	5378	2828	112328	102800	0	
2	 4	 2	 3	sample 31	1733	4303	1800	79698	118220	0	
2	 4	 2	 4	neg con	424	2738	256	16946	92560	0	
2	 4	 3	 1	sample 32	1688	4002	1542	86070	118014	0	
2	 4	 3	 2	sample 32	1034	3348	1028	41354	92560	0	
2	 4	 3	 3	sample 32	860	3174	770	34414	92560	0	
2	 4	 3	 4	sample 32	603	2917	770	24134	92560	0	
2	 4	 4	 1	sample 32	623	2937	514	24910	92560	0	
2	 4	 4	 2	sample 32	449	2763	514	17974	92560	0	
2	 4	 4	 3	sample 32	462	2776	514	18482	92560	0	
2	 4	 4	 4	pos con	8744	11058	9251	620834	164294	0	
2	 5	 1	 1	sample 33	13109	15935	13621	1297821	279774	0	
2	 5	 1	 2	sample 33	10951	14035	11049	996548	280644	0	
2	 5	 1	 3	sample 33	9772	12856	10535	723110	228216	0	
2	 5	 1	 4	sample 33	5864	8690	5912	351847	169560	0	
2	 5	 2	 1	sample 33	5088	7914	4626	300188	166734	0	
2	 5	 2	 2	sample 33	4117	6943	3856	222338	152604	0	
2	 5	 2	 3	sample 33	3237	6063	3342	158596	138474	0	
2	 5	 2	 4	neg con	373	3199	258	14932	113040	0	
2	 5	 3	 1	sample 34	2699	5525	2828	156544	163908	0	
2	 5	 3	 2	sample 34	1627	4197	1542	73228	115650	0	
2	 5	 3	 3	sample 34	1239	3809	1284	49578	102800	0	
2	 5	 3	 4	sample 34	952	3778	772	38060	113040	0	
2	 5	 4	 1	sample 34	828	3398	770	33130	102800	0	
2	 5	 4	 2	sample 34	668	3238	514	26710	102800	0	
2	 5	 4	 3	sample 34	507	3077	514	20280	102800	0	
2	 5	 4	 4	pos con	8945	11515	9507	661945	190180	0	
2	 6	 1	 1	sample 35	12922	15750	13619	1085468	237552	0	
2	 6	 1	 2	sample 35	11159	13987	11307	970833	246036	0	
2	 6	 1	 3	sample 35	10596	13424	11049	858278	229068	0	
2	 6	 1	 4	sample 35	5829	8399	5398	326406	143920	0	
2	 6	 2	 1	sample 35	4097	6925	3598	217138	149884	0	
2	 6	 2	 2	sample 35	2949	5777	2826	135674	130088	0	
2	 6	 2	 3	sample 35	1395	3965	1286	55792	102800	0	
2	 6	 2	 4	neg con	167	2481	256	6662	92560	0	
2	 6	 3	 1	sample 36	2841	5411	2828	161944	146490	0	
2	 6	 3	 2	sample 36	1667	4495	1542	78368	132916	0	
2	 6	 3	 3	sample 36	1933	4503	1800	92806	123360	0	
2	 6	 3	 4	sample 36	1779	4093	2056	71172	92560	0	
2	 6	 4	 1	sample 36	1594	4164	1542	71722	115650	0	
2	 6	 4	 2	sample 36	984	3554	1028	39340	102800	0	
2	 6	 4	 3	sample 36	694	3264	772	27776	102800	0	
2	 6	 4	 4	pos con	8919	11489	8737	695695	200460	0	
2	 7	 1	 1	sample 37	12984	15554	13621	1168563	231300	0	
2	 7	 1	 2	sample 37	10976	13804	11563	845181	217756	0	
2	 7	 1	 3	sample 37	10519	13347	10535	631120	169680	0	
2	 7	 1	 4	sample 37	6492	9062	6168	1071198	424050	0	
2	 7	 2	 1	sample 37	5211	7781	5398	286580	141350	0	
2	 7	 2	 2	sample 37	3815	6385	3598	194574	131070	0	
2	 7	 2	 3	sample 37	1943	4513	1800	83546	110510	0	
2	 7	 2	 4	neg con	360	2930	258	14414	102800	0	
2	 7	 3	 1	sample 38	2655	5225	2570	156632	151630	73505	
2	 7	 3	 2	sample 38	1993	4563	2056	105650	136210	0	
2	 7	 3	 3	sample 38	2035	4349	2312	101750	115700	0	
2	 7	 3	 4	sample 38	1655	4225	1542	67866	105370	0	
2	 7	 4	 1	sample 38	1475	3789	1542	67828	106444	0	
2	 7	 4	 2	sample 38	1169	3483	1028	46752	92560	0	
2	 7	 4	 3	sample 38	862	3432	772	34460	102800	0	
2	 7	 4	 4	pos con	9077	11647	8223	599065	169620	0	
2	 8	 1	 1	sample 39	12795	15623	15675	1279488	282800	0	
2	 8	 1	 2	sample 39	12146	14974	12849	1105253	257348	0	
2	 8	 1	 3	sample 39	10721	13549	10793	954130	251692	0	
2	 8	 1	 4	sample 39	7311	9881	6682	1096653	385500	0	
2	 8	 2	 1	sample 39	5269	7839	5398	305593	149060	0	
2	 8	 2	 2	sample 39	4399	6969	4626	228756	133640	0	
2	 8	 2	 3	sample 39	2424	4994	2314	118762	125930	0	
2	 8	 2	 4	neg con	213	2783	258	8506	102800	0	
2	 8	 3	 1	sample 40	1329	3643	1284	53176	92560	0	
2	 8	 3	 2	sample 40	1002	3316	1028	40078	92560	0	
2	 8	 3	 3	sample 40	629	2943	770	25162	92560	0	
2	 8	 3	 4	sample 40	328	2898	258	13130	102800	0	
2	 8	 4	 1	sample 40	321	2635	256	12828	92560	0	
2	 8	 4	 2	sample 40	70.1	2384	0	2804	92560	0	
2	 8	 4	 3	sample 40	398	2712	256	15908	92560	0	
2	 8	 4	 4	pos con	9590	12160	10279	700050	187610	0	
2	 9	 1	 1	sample 41	12384	14954	13105	978302	203030	0	
2	 9	 1	 2	sample 41	10630	13200	10535	754727	182470	0	
2	 9	 1	 3	sample 41	8236	10806	8479	494148	154200	0	
2	 9	 1	 4	sample 41	6268	8580	6426	338474	124848	0	
2	 9	 2	 1	sample 41	6047	8617	6168	296282	125930	0	
2	 9	 2	 2	sample 41	4697	7267	4626	201978	110510	0	
2	 9	 2	 3	sample 41	4164	6734	4112	204028	125930	0	
2	 9	 2	 4	neg con	463	2775	514	18524	92480	0	
2	 9	 3	 1	sample 42	11273	13843	13363	868058	197890	0	
2	 9	 3	 2	sample 42	9486	12056	9765	673511	182470	0	
2	 9	 3	 3	sample 42	8049	10619	7710	450724	143920	0	
2	 9	 3	 4	sample 42	5568	8138	6168	300655	138780	0	
2	 9	 4	 1	sample 42	4855	7167	4370	267050	127160	0	
2	 9	 4	 2	sample 42	3324	5636	3084	142916	99416	0	
2	 9	 4	 3	sample 42	1931	4243	2056	90752	108664	0	
2	 9	 4	 4	pos con	10241	12553	10793	686174	154904	0	
2	 10	 1	 1	sample 43	13294	16122	14647	1090094	231896	0	
2	 10	 1	 2	sample 43	12064	15148	13107	1061658	271392	0	
2	 10	 1	 3	sample 43	10652	13480	10279	660420	175336	0	
2	 10	 1	 4	sample 43	7967	10537	8737	493946	159340	0	
2	 10	 2	 1	sample 43	6099	8669	5654	408642	172190	0	
2	 10	 2	 2	sample 43	4950	7520	4884	267311	138780	0	
2	 10	 2	 3	sample 43	3293	5863	3342	174534	136210	0	
2	 10	 2	 4	neg con	385	2699	256	15396	92560	0	
2	 10	 3	 1	sample 44	2341	4655	2312	84278	83304	0	
2	 10	 3	 2	sample 44	1529	3843	1542	61150	92560	0	
2	 10	 3	 3	sample 44	1509	3823	1542	60378	92560	0	
2	 10	 3	 4	sample 44	1401	3457	1286	56046	82240	0	
2	 10	 4	 1	sample 44	950	3264	770	38018	92560	0	
2	 10	 4	 2	sample 44	937	3251	770	37498	92560	0	
2	 10	 4	 3	sample 44	887	2943	772	35486	82240	0	
2	 10	 4	 4	pos con	8980	11036	9251	637613	145976	0	
2	 11	 1	 1	sample 45	13222	15792	13363	1282571	249290	0	
2	 11	 1	 2	sample 45	10587	13157	10279	910451	221020	0	
2	 11	 1	 3	sample 45	9054	11366	7968	715234	182648	0	
2	 11	 1	 4	sample 45	6357	8669	5912	381404	138720	0	
2	 11	 2	 1	sample 45	6141	8453	5654	399135	150280	0	
2	 11	 2	 2	sample 45	4235	6805	4112	228702	138780	0	
2	 11	 2	 3	sample 45	3013	5325	2570	141630	108664	0	
2	 11	 2	 4	neg con	424	2480	514	16950	82240	0	
2	 11	 3	 1	sample 46	1188	3244	1028	47522	82240	0	
2	 11	 3	 2	sample 46	694	3006	514	27770	92480	0	
2	 11	 3	 3	sample 46	405	2717	514	16208	92480	0	
2	 11	 3	 4	sample 46	316	2628	258	12620	92480	0	
2	 11	 4	 1	sample 46	367	2165	258	14668	71920	0	
2	 11	 4	 2	sample 46	463	2261	514	18522	71920	0	
2	 11	 4	 3	sample 46	224	2280	256	8974	82240	0	
2	 11	 4	 4	pos con	10575	12631	11563	761404	148032	0	
2	 12	 1	 1	sample 47	11986	14556	13877	875001	187610	0	
2	 12	 1	 2	sample 47	11034	13604	10279	706163	164480	0	
2	 12	 1	 3	sample 47	9747	12573	10793	536095	155430	0	
2	 12	 1	 4	sample 47	7514	10340	7967	383192	144126	0	
2	 12	 2	 1	sample 47	6515	8827	6682	299667	106352	0	
2	 12	 2	 2	sample 47	4831	7401	4626	217396	115650	0	
2	 12	 2	 3	sample 47	3930	6500	3854	172934	113080	0	
2	 12	 2	 4	neg con	308	2878	256	12308	102800	0	
2	 12	 3	 1	sample 48	4427	6739	4626	256765	134096	0	
2	 12	 3	 2	sample 48	2912	5224	2828	151400	120224	0	
2	 12	 3	 3	sample 48	1757	4327	1798	77328	113080	0	
2	 12	 3	 4	sample 48	1272	3842	1284	50868	102800	0	
2	 12	 4	 1	sample 48	720	3032	772	28800	92480	0	
2	 12	 4	 2	sample 48	418	2730	514	16724	92480	0	
2	 12	 4	 3	sample 48	469	2781	514	18774	92480	0	
2	 12	 4	 4	pos con	9694	12264	10021	601053	159340	0	
3	 1	 1	 1	sample 49	11279	14621	11821	1037654	307464	0	
3	 1	 1	 2	sample 49	9881	12965	9509	928793	289896	0	
3	 1	 1	 3	sample 49	8438	11522	7454	708808	259056	0	
3	 1	 1	 4	sample 49	6526	9354	5910	463311	200788	0	
3	 1	 2	 1	sample 49	5309	8393	5140	355711	206628	0	
3	 1	 2	 2	sample 49	3153	6237	2828	176584	172704	0	
3	 1	 2	 3	sample 49	1924	4752	1798	90444	132916	0	
3	 1	 2	 4	neg con	560	3130	514	22380	102800	0	
3	 1	 3	 1	sample 50	3858	6686	3854	262360	192304	0	
3	 1	 3	 2	sample 50	3021	5849	2826	187322	175336	0	
3	 1	 3	 3	sample 50	2396	4966	2570	126980	136210	0	
3	 1	 3	 4	sample 50	2081	4651	2056	108220	133640	0	
3	 1	 4	 1	sample 50	1247	3817	1286	49876	102800	0	
3	 1	 4	 2	sample 50	1317	3631	1284	52664	92560	0	
3	 1	 4	 3	sample 50	783	3097	770	31334	92560	0	
3	 1	 4	 4	pos con	8648	10962	7196	1167432	312390	0	
3	 2	 1	 1	sample 51	11801	13857	13105	1062075	185040	0	
3	 2	 1	 2	sample 51	9266	11578	7968	1000764	249696	0	
3	 2	 1	 3	sample 51	8461	10517	8224	676871	164480	0	
3	 2	 1	 4	sample 51	5248	7304	4882	346384	135696	0	
3	 2	 2	 1	sample 51	4797	6595	4112	326163	122264	0	
3	 2	 2	 2	sample 51	3413	5469	3340	180902	108968	0	
3	 2	 2	 3	sample 51	2065	4121	2056	107400	106912	0	
3	 2	 2	 4	neg con	303	2101	258	12104	71920	0	
3	 2	 3	 1	sample 52	2302	3844	2312	117416	78642	0	
3	 2	 3	 2	sample 52	1387	2929	1284	55494	61680	0	
3	 2	 3	 3	sample 52	1151	2949	1286	46026	71920	0	
3	 2	 3	 4	sample 52	643	2441	772	25722	71920	0	
3	 2	 4	 1	sample 52	669	1953	514	26746	51360	0	
3	 2	 4	 2	sample 52	515	1799	514	20584	51360	0	
3	 2	 4	 3	sample 52	520	2062	514	20794	61680	0	
3	 2	 4	 4	pos con	9061	10603	7966	761151	129528	0	
3	 3	 1	 1	sample 53	12578	15662	12849	1194936	292980	0	
3	 3	 1	 2	sample 53	10784	13868	10535	1229355	351576	0	
3	 3	 1	 3	sample 53	8338	11422	8223	633685	234384	0	
3	 3	 1	 4	sample 53	6198	9024	5912	371888	169560	0	
3	 3	 2	 1	sample 53	5172	7998	5140	331036	180864	0	
3	 3	 2	 2	sample 53	3564	6648	3340	188868	163452	0	
3	 3	 2	 3	sample 53	1872	4698	1800	93578	141300	0	
3	 3	 2	 4	neg con	232	3058	258	9272	113040	0	
3	 3	 3	 1	sample 54	3276	5846	3340	209676	164480	0	
3	 3	 3	 2	sample 54	3532	6102	3340	208402	151630	0	
3	 3	 3	 3	sample 54	2535	5105	2570	131810	133640	0	
3	 3	 3	 4	sample 54	1369	4195	1028	54758	113040	0	
3	 3	 4	 1	sample 54	3200	5512	3084	163222	117912	0	
3	 3	 4	 2	sample 54	1626	3938	1542	65040	92480	0	
3	 3	 4	 3	sample 54	772	3084	772	30862	92480	0	
3	 3	 4	 4	pos con	9855	12425	10793	867283	226160	0	
3	 4	 1	 1	sample 55	12153	14979	11821	1093778	254340	0	
3	 4	 1	 2	sample 55	8099	10925	7968	615521	214776	0	
3	 4	 1	 3	sample 55	8290	11116	7968	613461	209124	0	
3	 4	 1	 4	sample 55	5921	8491	5396	408572	177330	0	
3	 4	 2	 1	sample 55	5708	8278	5654	376715	169620	0	
3	 4	 2	 2	sample 55	4035	6605	3854	258254	164480	0	
3	 4	 2	 3	sample 55	2650	5220	2312	135152	131070	0	
3	 4	 2	 4	neg con	160	2730	256	6402	102800	0	
3	 4	 3	 1	sample 56	2527	5097	2570	136442	138780	0	
3	 4	 3	 2	sample 56	1375	3687	1286	55016	92480	0	
3	 4	 3	 3	sample 56	1350	3662	1286	53988	92480	0	
3	 4	 3	 4	sample 56	996	3308	1028	39858	92480	0	
3	 4	 4	 1	sample 56	1016	3328	1028	40626	92480	0	
3	 4	 4	 2	sample 56	727	3039	772	29066	92480	0	
3	 4	 4	 3	sample 56	592	2904	514	23670	92480	0	
3	 4	 4	 4	pos con	9551	11863	9509	878673	212704	0	
3	 5	 1	 1	sample 57	12875	15445	14135	1184490	236440	0	
3	 5	 1	 2	sample 57	11199	14027	11307	907115	229068	0	
3	 5	 1	 3	sample 57	9113	11941	9251	647053	200788	0	
3	 5	 1	 4	sample 57	5540	8110	5398	520716	241580	0	
3	 5	 2	 1	sample 57	6435	8749	5396	444039	159666	0	
3	 5	 2	 2	sample 57	5031	7601	4884	306880	156770	0	
3	 5	 2	 3	sample 57	3608	6178	3598	194834	138780	0	
3	 5	 2	 4	neg con	559	2873	256	22342	92560	0	
3	 5	 3	 1	sample 58	2915	5229	2826	186552	148096	0	
3	 5	 3	 2	sample 58	2800	5114	2826	134384	111072	0	
3	 5	 3	 3	sample 58	2196	4510	2312	116390	122642	0	
3	 5	 3	 4	sample 58	1986	4300	2056	95320	111072	0	
3	 5	 4	 1	sample 58	1517	3573	1286	60672	82240	0	
3	 5	 4	 2	sample 58	1290	3346	1028	51596	82240	31102	
3	 5	 4	 3	sample 58	1048	3104	772	41914	82240	0	
3	 5	 4	 4	pos con	12859	15173	12849	630099	113386	0	
3	 6	 1	 1	sample 59	11062	13890	11049	1438008	367640	0	
3	 6	 1	 2	sample 59	9978	12806	10279	698445	197960	0	
3	 6	 1	 3	sample 59	9713	12541	8993	670172	195132	0	
3	 6	 1	 4	sample 59	7514	10084	7454	473401	161910	0	
3	 6	 2	 1	sample 59	5882	8452	5912	364699	159340	0	
3	 6	 2	 2	sample 59	3588	6416	3340	190152	149884	0	
3	 6	 2	 3	sample 59	2527	5097	2314	133924	136210	0	
3	 6	 2	 4	neg con	354	2924	258	14162	102800	0	
3	 6	 3	 1	sample 60	3118	5432	3084	183986	136526	0	
3	 6	 3	 2	sample 60	1974	4544	1800	104628	136210	0	
3	 6	 3	 3	sample 60	2165	4735	2314	112590	133640	0	
3	 6	 3	 4	sample 60	1971	4541	2056	94602	123360	0	
3	 6	 4	 1	sample 60	1578	3634	1542	80464	104856	0	
3	 6	 4	 2	sample 60	1053	3367	1028	42126	92560	0	
3	 6	 4	 3	sample 60	835	3149	770	33392	92560	0	
3	 6	 4	 4	pos con	10842	13156	11821	737253	157352	0	
3	 7	 1	 1	sample 61	14773	17343	16703	1329613	231300	0	
3	 7	 1	 2	sample 61	12116	14942	12335	908737	211950	0	
3	 7	 1	 3	sample 61	9659	12229	10793	608503	161910	0	
3	 7	 1	 4	sample 61	7847	10159	9251	486497	143344	0	
3	 7	 2	 1	sample 61	7056	9626	7196	430422	156770	0	
3	 7	 2	 2	sample 61	4584	7154	4112	284207	159340	0	
3	 7	 2	 3	sample 61	4071	6641	3854	232044	146490	0	
3	 7	 2	 4	neg con	245	2557	258	9792	92480	0	
3	 7	 3	 1	sample 62	5338	7908	5396	373642	179900	0	
3	 7	 3	 2	sample 62	3248	5818	3084	198116	156770	0	
3	 7	 3	 3	sample 62	3350	5920	3340	180902	138780	0	
3	 7	 3	 4	sample 62	1976	4288	2056	94858	110976	0	
3	 7	 4	 1	sample 62	1904	3960	1798	74250	80184	0	
3	 7	 4	 2	sample 62	1317	3373	1284	52668	82240	0	
3	 7	 4	 3	sample 62	881	3193	772	35232	92480	0	
3	 7	 4	 4	pos con	14000	16312	13363	559984	92480	0	
3	 8	 1	 1	sample 63	4007	6321	4112	304508	175864	0	
3	 8	 1	 2	sample 63	2570	5140	2570	161932	161910	0	
3	 8	 1	 3	sample 63	2557	4871	2570	161106	145782	0	
3	 8	 1	 4	sample 63	2285	4599	2312	86848	87932	0	
3	 8	 2	 1	sample 63	2154	4468	2056	112032	120328	0	
3	 8	 2	 2	sample 63	1498	3812	1542	70394	108758	0	
3	 8	 2	 3	sample 63	1399	3713	1284	62942	104130	0	
3	 8	 2	 4	neg con	372	2686	256	14884	92560	0	
3	 8	 3	 1	sample 64	1934	4248	1798	110224	131898	0	
3	 8	 3	 2	sample 64	880	3194	770	35184	92560	0	
3	 8	 3	 3	sample 64	1021	3335	1028	40844	92560	0	
3	 8	 3	 4	sample 64	861	3175	770	34422	92560	0	
3	 8	 4	 1	sample 64	701	2757	772	28032	82240	0	
3	 8	 4	 2	sample 64	333	2647	256	13338	92560	0	
3	 8	 4	 3	sample 64	578	2892	514	23110	92560	0	
3	 8	 4	 4	pos con	10035	12349	11821	772716	178178	0	
3	 9	 1	 1	sample 65	12731	15559	12591	1107569	246036	0	
3	 9	 1	 2	sample 65	9017	12101	7709	937791	320736	0	
3	 9	 1	 3	sample 65	8387	11215	7965	578691	195132	0	
3	 9	 1	 4	sample 65	6000	8570	5912	383968	164480	0	
3	 9	 2	 1	sample 65	5123	7693	4884	307389	154200	0	
3	 9	 2	 2	sample 65	3643	6471	3598	185789	144228	0	
3	 9	 2	 3	sample 65	2582	5152	2570	113618	113080	0	
3	 9	 2	 4	neg con	507	2821	514	20280	92560	0	
3	 9	 3	 1	sample 66	2518	5088	2314	123388	125930	0	
3	 9	 3	 2	sample 66	1753	4323	1800	87662	128500	0	
3	 9	 3	 3	sample 66	1419	3733	1284	56774	92560	0	
3	 9	 3	 4	sample 66	1419	3733	1284	56770	92560	0	
3	 9	 4	 1	sample 66	1002	3316	1028	40068	92560	0	
3	 9	 4	 2	sample 66	1008	3322	1028	40332	92560	0	
3	 9	 4	 3	sample 66	758	3072	770	30304	92560	0	
3	 9	 4	 4	pos con	9798	12112	10021	685855	161980	0	
3	 10	 1	 1	sample 67	1651	3707	1542	105656	131584	0	
3	 10	 1	 2	sample 67	851	2907	772	43393	104856	52692	
3	 10	 1	 3	sample 67	1356	3156	1284	58316	77400	0	
3	 10	 1	 4	sample 67	676	2732	514	23662	71960	0	
3	 10	 2	 1	sample 67	611	2667	514	24436	82240	0	
3	 10	 2	 2	sample 67	470	2526	514	18784	82240	0	
3	 10	 2	 3	sample 67	489	2545	514	19548	82240	0	
3	 10	 2	 4	neg con	309	2365	258	12358	82240	0	
3	 10	 3	 1	sample 68	1865	3921	1800	110022	121304	0	
3	 10	 3	 2	sample 68	912	2968	772	48344	108968	0	
3	 10	 3	 3	sample 68	688	2744	514	27522	82240	0	
3	 10	 3	 4	sample 68	495	2551	258	19810	82240	0	
3	 10	 4	 1	sample 68	669	2725	514	26748	82240	0	
3	 10	 4	 2	sample 68	450	2506	514	18008	82240	0	
3	 10	 4	 3	sample 68	444	2500	258	17752	82240	0	
3	 10	 4	 4	pos con	8951	10751	10021	742898	149400	0	
3	 11	 1	 1	sample 69	13316	16142	13363	1078611	228906	0	
3	 11	 1	 2	sample 69	10005	13089	10021	760386	234384	0	
3	 11	 1	 3	sample 69	9082	11908	9251	590323	183690	0	
3	 11	 1	 4	sample 69	7299	9869	6682	452515	159340	0	
3	 11	 2	 1	sample 69	4322	6892	4112	216109	128500	0	
3	 11	 2	 2	sample 69	3388	6214	3342	186346	155430	0	
3	 11	 2	 3	sample 69	2088	4658	2312	83508	102800	0	
3	 11	 2	 4	neg con	211	2781	256	8456	102800	0	
3	 11	 3	 1	sample 70	1892	4718	1800	94600	141300	0	
3	 11	 3	 2	sample 70	1843	4413	1798	95838	133640	0	
3	 11	 3	 3	sample 70	1701	4271	1798	76558	115650	0	
3	 11	 3	 4	sample 70	1195	3765	1284	47782	102800	0	
3	 11	 4	 1	sample 70	1125	3437	1028	44992	92480	0	
3	 11	 4	 2	sample 70	649	3219	514	25940	102800	0	
3	 11	 4	 3	sample 70	668	3238	514	26706	102800	0	
3	 11	 4	 4	pos con	10610	13180	11049	774512	187610	0	
3	 12	 1	 1	sample 71	2270	3812	2312	138486	94062	0	
3	 12	 1	 2	sample 71	2208	3750	2056	97134	67848	0	
3	 12	 1	 3	sample 71	1513	3311	1542	66584	79112	0	
3	 12	 1	 4	sample 71	1325	3381	1284	58314	90464	0	
3	 12	 2	 1	sample 71	996	2538	1028	39820	61680	0	
3	 12	 2	 2	sample 71	899	2441	770	35960	61680	0	
3	 12	 2	 3	sample 71	842	2640	772	33690	71920	0	
3	 12	 2	 4	neg con	335	2133	258	13386	71920	0	
3	 12	 3	 1	sample 72	1125	2409	1028	44994	51360	0	
3	 12	 3	 2	sample 72	661	2203	514	26452	61680	0	
3	 12	 3	 3	sample 72	739	2537	772	29572	71920	0	
3	 12	 3	 4	sample 72	347	2403	256	13864	82240	0	
3	 12	 4	 1	sample 72	547	1831	514	21860	51360	0	
3	 12	 4	 2	sample 72	269	1811	256	10768	61680	0	
3	 12	 4	 3	sample 72	616	2158	514	24648	61680	0	
3	 12	 4	 4	pos con	9028	11084	9765	677113	154200	0	
4	 1	 1	 1	sample 73	2917	5229	2828	192526	152592	0	
4	 1	 1	 2	sample 73	1945	4257	1800	103082	122536	0	
4	 1	 1	 3	sample 73	2076	4388	2056	110024	122536	0	
4	 1	 1	 4	sample 73	1561	3617	1542	62432	82240	0	
4	 1	 2	 1	sample 73	1278	3334	1284	51122	82240	0	
4	 1	 2	 2	sample 73	754	2810	514	30157	82240	32372	
4	 1	 2	 3	sample 73	796	2852	770	31844	82240	0	
4	 1	 2	 4	neg con	122	2178	0	4860	82240	0	
4	 1	 3	 1	sample 74	1613	3411	1542	64524	71920	0	
4	 1	 3	 2	sample 74	681	2737	770	27222	82240	0	
4	 1	 3	 3	sample 74	661	2717	770	26452	82240	0	
4	 1	 3	 4	sample 74	558	2614	514	22338	82240	0	
4	 1	 4	 1	sample 74	315	2113	258	12610	71920	0	
4	 1	 4	 2	sample 74	302	2100	258	12098	71920	0	
4	 1	 4	 3	sample 74	335	2133	258	13386	71920	0	
4	 1	 4	 4	pos con	9543	11599	10279	696652	150088	0	
4	 2	 1	 1	sample 75	930	3500	1028	46492	128500	0	
4	 2	 1	 2	sample 75	872	3442	770	41864	123360	0	
4	 2	 1	 3	sample 75	919	3489	770	41358	115650	0	
4	 2	 1	 4	sample 75	970	3540	1028	38786	102800	0	
4	 2	 2	 1	sample 75	514	3084	514	20540	102800	0	
4	 2	 2	 2	sample 75	443	3013	514	17712	102800	0	
4	 2	 2	 3	sample 75	404	2974	256	16168	102800	0	
4	 2	 2	 4	neg con	147	2717	0	5892	102800	0	
4	 2	 3	 1	sample 76	1028	3598	1028	53438	133640	0	
4	 2	 3	 2	sample 76	714	3026	772	28548	92480	0	
4	 2	 3	 3	sample 76	642	3212	514	25674	102800	0	
4	 2	 3	 4	sample 76	584	3154	514	23368	102800	0	
4	 2	 4	 1	sample 76	495	2807	514	19814	92480	0	
4	 2	 4	 2	sample 76	604	2916	514	24178	92480	0	
4	 2	 4	 3	sample 76	276	2846	256	11030	102800	0	
4	 2	 4	 4	pos con	8140	10710	8224	708206	223590	0	
4	 3	 1	 1	sample 77	3269	5839	3084	232106	182470	0	
4	 3	 1	 2	sample 77	2734	5304	2570	150372	141350	0	
4	 3	 1	 3	sample 77	1521	4091	1542	74550	125930	0	
4	 3	 1	 4	sample 77	906	3476	772	36258	102800	0	
4	 3	 2	 1	sample 77	784	3354	514	31370	102800	0	
4	 3	 2	 2	sample 77	887	3457	772	35482	102800	0	
4	 3	 2	 3	sample 77	335	2905	258	13386	102800	0	
4	 3	 2	 4	neg con	96.8	2667	0	3872	102800	0	
4	 3	 3	 1	sample 78	3395	5965	3084	227477	172190	0	
4	 3	 3	 2	sample 78	2750	5320	2570	173244	161910	0	
4	 3	 3	 3	sample 78	2360	4930	2314	129812	141350	0	
4	 3	 3	 4	sample 78	1959	4529	2056	97942	128500	0	
4	 3	 4	 1	sample 78	1577	3891	1542	78874	115700	0	
4	 3	 4	 2	sample 78	848	3162	770	33900	92560	0	
4	 3	 4	 3	sample 78	603	2917	514	24132	92560	0	
4	 3	 4	 4	pos con	8984	11554	8738	655867	187610	0	
4	 4	 1	 1	sample 79	13485	16311	14649	1173197	245862	0	
4	 4	 1	 2	sample 79	11188	14272	11821	895038	246720	0	
4	 4	 1	 3	sample 79	9083	12167	10021	653995	222048	0	
4	 4	 1	 4	sample 79	6507	9333	6426	325369	141300	0	
4	 4	 2	 1	sample 79	4559	7385	4370	241605	149778	0	
4	 4	 2	 2	sample 79	3425	6251	3342	167842	138474	0	
4	 4	 2	 3	sample 79	1995	4821	2056	99744	141300	0	
4	 4	 2	 4	neg con	90.4	2916	0	3614	113040	0	
4	 4	 3	 1	sample 80	3208	5778	3084	198892	159340	0	
4	 4	 3	 2	sample 80	3067	5637	3084	187068	156770	0	
4	 4	 3	 3	sample 80	2955	5525	2826	159574	138780	0	
4	 4	 3	 4	sample 80	2588	5158	2570	108688	107940	0	
4	 4	 4	 1	sample 80	2082	4394	2056	85344	94792	0	
4	 4	 4	 2	sample 80	1170	3482	1028	46790	92480	0	
4	 4	 4	 3	sample 80	990	3302	1028	39600	92480	0	
4	 4	 4	 4	pos con	9464	11776	9509	643521	157216	0	
4	 5	 1	 1	sample 81	3076	5132	3084	209158	139808	0	
4	 5	 1	 2	sample 81	1970	4026	1798	106368	111024	0	
4	 5	 1	 3	sample 81	1464	3520	1542	73220	102800	0	
4	 5	 1	 4	sample 81	835	2891	770	33386	82240	0	
4	 5	 2	 1	sample 81	816	2614	772	32656	71920	0	
4	 5	 2	 2	sample 81	560	2358	514	22380	71920	0	
4	 5	 2	 3	sample 81	579	2377	514	23152	71920	0	
4	 5	 2	 4	neg con	399	2197	258	15956	71920	0	
4	 5	 3	 1	sample 82	1322	3120	1286	66076	89900	0	
4	 5	 3	 2	sample 82	540	2338	514	21602	71920	0	
4	 5	 3	 3	sample 82	515	2313	514	20586	71920	0	
4	 5	 3	 4	sample 82	566	2364	514	22634	71920	0	
4	 5	 4	 1	sample 82	469	2011	514	18746	61680	0	
4	 5	 4	 2	sample 82	276	1818	256	11028	61680	0	
4	 5	 4	 3	sample 82	366	1908	256	14634	61680	0	
4	 5	 4	 4	pos con	8551	10349	8482	726798	152830	0	
4	 6	 1	 1	sample 83	3382	5696	3340	250282	171236	0	
4	 6	 1	 2	sample 83	2772	5086	2826	158030	131898	0	
4	 6	 1	 3	sample 83	2008	4578	2056	96392	123360	0	
4	 6	 1	 4	sample 83	2089	4659	2056	100258	123360	0	
4	 6	 2	 1	sample 83	1451	3765	1542	69628	111072	0	
4	 6	 2	 2	sample 83	1203	3517	1284	49316	94874	0	
4	 6	 2	 3	sample 83	698	3268	772	27931	102800	40356	
4	 6	 2	 4	neg con	475	2789	514	18998	92560	0	
4	 6	 3	 1	sample 84	1993	4307	2056	105604	122642	0	
4	 6	 3	 2	sample 84	1497	3811	1284	68846	106444	0	
4	 6	 3	 3	sample 84	1575	3889	1542	62994	92560	43182	
4	 6	 3	 4	sample 84	1124	3438	1028	44956	92560	0	
4	 6	 4	 1	sample 84	982	2782	770	39298	72000	0	
4	 6	 4	 2	sample 84	893	2693	770	35702	72000	0	
4	 6	 4	 3	sample 84	547	2603	514	21866	82240	0	
4	 6	 4	 4	pos con	8076	10132	7710	646101	164480	0	
4	 7	 1	 1	sample 85	2346	4916	2312	124362	136210	0	
4	 7	 1	 2	sample 85	1089	3915	1028	55540	144126	0	
4	 7	 1	 3	sample 85	926	3752	772	37030	113040	0	
4	 7	 1	 4	sample 85	797	3623	772	31882	113040	0	
4	 7	 2	 1	sample 85	495	3321	514	19806	113040	0	
4	 7	 2	 2	sample 85	431	3257	514	17238	113040	0	
4	 7	 2	 3	sample 85	412	3238	258	16470	113040	0	
4	 7	 2	 4	neg con	502	3328	258	20068	113040	0	
4	 7	 3	 1	sample 86	2888	5458	2826	181922	161910	0	
4	 7	 3	 2	sample 86	1304	3874	1284	69104	136210	0	
4	 7	 3	 3	sample 86	752	3578	772	30090	113040	0	
4	 7	 3	 4	sample 86	971	3797	772	38822	113040	0	
4	 7	 4	 1	sample 86	656	2968	772	26232	92480	0	
4	 7	 4	 2	sample 86	733	3045	772	29318	92480	0	
4	 7	 4	 3	sample 86	417	2987	514	16686	102800	0	
4	 7	 4	 4	pos con	8907	11477	8224	632418	182470	0	
4	 8	 1	 1	sample 87	2507	4821	2570	145432	134212	0	
4	 8	 1	 2	sample 87	1552	3866	1542	82261	122642	43954	
4	 8	 1	 3	sample 87	1542	3856	1542	70912	106444	0	
4	 8	 1	 4	sample 87	1314	3628	1284	45984	80990	0	
4	 8	 2	 1	sample 87	623	2937	770	24906	92560	0	
4	 8	 2	 2	sample 87	565	2879	514	22592	92560	0	
4	 8	 2	 3	sample 87	526	2840	514	21056	92560	0	
4	 8	 2	 4	neg con	423	2737	256	16936	92560	0	
4	 8	 3	 1	sample 88	1487	3543	1542	62470	86352	0	
4	 8	 3	 2	sample 88	739	2795	772	29574	82240	0	
4	 8	 3	 3	sample 88	584	2898	514	23360	92560	0	
4	 8	 3	 4	sample 88	558	2872	514	22338	92560	0	
4	 8	 4	 1	sample 88	328	2384	258	13132	82240	0	
4	 8	 4	 2	sample 88	481	2281	514	19256	72000	0	
4	 8	 4	 3	sample 88	437	2493	258	17498	82240	0	
4	 8	 4	 4	pos con	9232	11288	9765	710855	158312	0	
4	 9	 1	 1	sample 89	3486	6312	3342	230048	186516	0	
4	 9	 1	 2	sample 89	1860	4686	1800	94858	144126	0	
4	 9	 1	 3	sample 89	1845	4415	1798	92246	128500	0	
4	 9	 1	 4	sample 89	1353	3923	1284	60884	115650	0	
4	 9	 2	 1	sample 89	1151	3977	1028	46020	113040	0	
4	 9	 2	 2	sample 89	874	3700	772	34976	113040	0	
4	 9	 2	 3	sample 89	592	3418	514	23660	113040	0	
4	 9	 2	 4	neg con	174	3000	258	6964	113040	0	
4	 9	 3	 1	sample 90	3663	6489	3598	263708	203472	0	
4	 9	 3	 2	sample 90	3100	5926	3084	207694	189342	0	
4	 9	 3	 3	sample 90	2892	5462	2826	147494	131070	0	
4	 9	 3	 4	sample 90	2355	4925	2312	113058	123360	0	
4	 9	 4	 1	sample 90	1501	3813	1542	75072	115600	0	
4	 9	 4	 2	sample 90	1181	3493	1286	57848	113288	0	
4	 9	 4	 3	sample 90	881	3193	772	35232	92480	0	
4	 9	 4	 4	pos con	8687	10999	7710	616809	164152	0	
4	 10	 1	 1	sample 91	4119	7461	4112	267758	217230	0	
4	 10	 1	 2	sample 91	3265	6607	2826	143640	147048	0	
4	 10	 1	 3	sample 91	2609	5693	2570	86112	101772	0	
4	 10	 1	 4	sample 91	1934	5018	2056	85088	135696	0	
4	 10	 2	 1	sample 91	1466	4808	1542	64488	147048	0	
4	 10	 2	 2	sample 91	2377	5719	1284	95065	133680	0	
4	 10	 2	 3	sample 91	1086	4170	1028	43446	123360	0	
4	 10	 2	 4	neg con	302	3386	258	12094	123360	0	
4	 10	 3	 1	sample 92	8517	11601	7710	604722	218964	0	
4	 10	 3	 2	sample 92	4618	7702	3856	290949	194292	0	
4	 10	 3	 3	sample 92	3457	6541	3598	176332	157284	0	
4	 10	 3	 4	sample 92	1881	4709	1798	94038	141400	0	
4	 10	 4	 1	sample 92	1262	4090	1284	56774	127260	0	
4	 10	 4	 2	sample 92	700	3528	770	27992	113120	0	
4	 10	 4	 3	sample 92	636	3464	514	25420	113120	0	
4	 10	 4	 4	pos con	9090	11918	10021	581777	180992	0	
4	 11	 1	 1	sample 93	2977	5803	3084	178638	169560	0	
4	 11	 1	 2	sample 93	1837	4663	1800	88178	135648	0	
4	 11	 1	 3	sample 93	1473	4299	1542	54502	104562	0	
4	 11	 1	 4	sample 93	1209	4035	1286	48340	113040	0	
4	 11	 2	 1	sample 93	681	3765	514	27226	123360	0	
4	 11	 2	 2	sample 93	804	3630	772	32142	113040	0	
4	 11	 2	 3	sample 93	630	3456	514	25202	113040	0	
4	 11	 2	 4	neg con	386	3212	258	15444	113040	0	
4	 11	 3	 1	sample 94	2040	4866	1800	93824	129996	0	
4	 11	 3	 2	sample 94	1118	3944	1028	44736	113040	0	
4	 11	 3	 3	sample 94	1067	3893	1028	42682	113040	0	
4	 11	 3	 4	sample 94	727	3553	772	29062	113040	0	
4	 11	 4	 1	sample 94	829	3141	772	33176	92480	0	
4	 11	 4	 2	sample 94	436	3006	256	17450	102800	0	
4	 11	 4	 3	sample 94	462	3032	256	18486	102800	0	
4	 11	 4	 4	pos con	9374	11944	9507	684314	187610	0	
4	 12	 1	 1	sample 95	1247	3303	1028	49874	82240	0	
4	 12	 1	 2	sample 95	1127	3441	1028	40588	83304	0	
4	 12	 1	 3	sample 95	848	3162	770	33906	92560	0	
4	 12	 1	 4	sample 95	868	3182	514	34725	92560	18762	
4	 12	 2	 1	sample 95	282	2596	256	11288	92560	0	
4	 12	 2	 2	sample 95	720	2776	514	28804	82240	0	
4	 12	 2	 3	sample 95	475	2789	256	18996	92560	0	
4	 12	 2	 4	neg con	566	2622	514	22636	82240	0	
4	 12	 3	 1	sample 96	5021	7077	4370	336437	137752	0	
4	 12	 3	 2	sample 96	2947	5003	2828	126724	88408	0	
4	 12	 3	 3	sample 96	2057	4113	2056	94602	94576	0	
4	 12	 3	 4	sample 96	1028	3084	1028	41138	82240	0	
4	 12	 4	 1	sample 96	738	2538	770	29532	72000	0	
4	 12	 4	 2	sample 96	687	2487	514	27482	72000	0	
4	 12	 4	 3	sample 96	719	2519	514	28768	72000	0	
4	 12	 4	 4	pos con	8926	10982	8737	830105	191208	0	
