MicroVigene	 Version	 2500
Culture	en-US
4/19/2006 12:12:54 PM
Roi Row	 4	 Roi Col	 12	 Main Row	 4	 Main Col	 4	 Sub Row	 1	 Sub Col	 1
Main Row	 Main Col	 Sub Row	 Sub Col	  GeneID	mean_net	 mean_total	 median_net	 vol_net	 vol_bkg	 vol_dust	 
1	 1	 1	 1	sample 1	7807	9715	7306	749490	183168	0	
1	 1	 1	 2	sample 1	3114	4970	3294	277154	165184	0	
1	 1	 1	 3	sample 1	968	2778	814	38714	72400	0	
1	 1	 1	 4	sample 1	1242	3086	1200	49688	73760	0	
1	 1	 2	 1	sample 1	647	2369	702	25876	68880	0	
1	 1	 2	 2	sample 1	630	2296	612	25212	66640	0	
1	 1	 2	 3	sample 1	484	2176	424	19376	67680	0	
1	 1	 2	 4	neg con	240	1998	176	9598	70320	0	
1	 1	 3	 1	sample 2	1136	2696	1068	45436	62400	0	
1	 1	 3	 2	sample 2	513	2013	554	20524	60000	0	
1	 1	 3	 3	sample 2	483	2081	470	19314	63920	0	
1	 1	 3	 4	sample 2	532	2352	352	21288	72800	0	
1	 1	 4	 1	sample 2	228	1728	186	9126	60000	0	
1	 1	 4	 2	sample 2	235	1737	198	9404	60080	0	
1	 1	 4	 3	sample 2	348	1968	274	13924	64800	0	
1	 1	 4	 4	pos con	4754	6592	4618	332755	128660	0	
1	 2	 1	 1	sample 3	8877	11063	8020	781204	192368	0	
1	 2	 1	 2	sample 3	5731	7921	5556	406934	155490	0	
1	 2	 1	 3	sample 3	3964	6128	3856	253690	138496	0	
1	 2	 1	 4	sample 3	2803	4849	2850	142962	104346	0	
1	 2	 2	 1	sample 3	1382	3254	1524	55274	74880	0	
1	 2	 2	 2	sample 3	947	2891	976	37874	77760	0	
1	 2	 2	 3	sample 3	710	2680	582	28402	78800	0	
1	 2	 2	 4	neg con	570	2298	464	22804	69120	0	
1	 2	 3	 1	sample 4	2589	4367	2586	157926	108458	0	
1	 2	 3	 2	sample 4	1362	3272	1352	54466	76400	0	
1	 2	 3	 3	sample 4	1368	3218	1360	71118	96200	0	
1	 2	 3	 4	sample 4	1463	3053	1524	77532	84270	0	
1	 2	 4	 1	sample 4	1115	2939	1168	44598	72960	0	
1	 2	 4	 2	sample 4	878	2746	796	35122	74720	0	
1	 2	 4	 3	sample 4	484	2288	486	19362	72160	0	
1	 2	 4	 4	pos con	4159	5783	4006	286998	112056	0	
1	 3	 1	 1	sample 5	9412	11646	9347	574154	136274	0	
1	 3	 1	 2	sample 5	5992	9042	5878	191744	97600	0	
1	 3	 1	 3	sample 5	4090	6408	4188	188144	106628	0	
1	 3	 1	 4	sample 5	2818	5232	2778	95820	82076	0	
1	 3	 2	 1	sample 5	1232	3180	1280	51732	81816	0	
1	 3	 2	 2	sample 5	956	2974	1024	38220	80720	0	
1	 3	 2	 3	sample 5	356	2356	316	14252	80000	0	
1	 3	 2	 4	neg con	367	2315	322	14666	77920	0	
1	 3	 3	 1	sample 6	816	2460	776	32622	65760	0	
1	 3	 3	 2	sample 6	317	2165	268	12668	73920	0	
1	 3	 3	 3	sample 6	346	2282	380	13838	77440	0	
1	 3	 3	 4	sample 6	363	2325	326	14514	78480	0	
1	 3	 4	 1	sample 6	187	1943	172	7472	70240	0	
1	 3	 4	 2	sample 6	238	2184	186	9500	77840	0	
1	 3	 4	 3	sample 6	266	2236	202	10658	78800	0	
1	 3	 4	 4	pos con	5644	7708	6136	327340	119712	0	
1	 4	 1	 1	sample 7	10312	12348	9463	855858	168988	0	
1	 4	 1	 2	sample 7	5675	7829	5742	408586	155088	0	
1	 4	 1	 3	sample 7	5790	7952	5638	399544	149178	0	
1	 4	 1	 4	sample 7	2799	4981	3100	134336	104736	0	
1	 4	 2	 1	sample 7	2044	3840	2074	106290	93392	0	
1	 4	 2	 2	sample 7	1213	3079	1122	48502	74640	0	
1	 4	 2	 3	sample 7	796	2684	760	31846	75520	0	
1	 4	 2	 4	neg con	374	2270	282	14978	75840	0	
1	 4	 3	 1	sample 8	2823	4445	2782	172200	98942	0	
1	 4	 3	 2	sample 8	1180	2830	1116	47188	66000	0	
1	 4	 3	 3	sample 8	968	2734	904	38724	70640	0	
1	 4	 3	 4	sample 8	815	2613	794	32600	71920	0	
1	 4	 4	 1	sample 8	725	2303	706	29004	63120	0	
1	 4	 4	 2	sample 8	482	2082	434	19282	64000	0	
1	 4	 4	 3	sample 8	549	2277	476	21960	69120	0	
1	 4	 4	 4	pos con	4757	6587	4582	323477	124440	0	
1	 5	 1	 1	sample 9	8965	11227	8749	788910	199056	0	
1	 5	 1	 2	sample 9	6153	8497	5870	430703	164080	0	
1	 5	 1	 3	sample 9	3994	6360	3908	255622	151424	0	
1	 5	 1	 4	sample 9	1776	4196	1812	71028	96800	0	
1	 5	 2	 1	sample 9	1604	3606	1642	64176	80080	0	
1	 5	 2	 2	sample 9	779	2899	586	31160	84800	0	
1	 5	 2	 3	sample 9	914	3044	762	36570	85200	0	
1	 5	 2	 4	neg con	311	2489	218	12434	87120	0	
1	 5	 3	 1	sample 10	1249	3203	1200	49952	78160	0	
1	 5	 3	 2	sample 10	446	2420	324	17846	78960	0	
1	 5	 3	 3	sample 10	465	2519	344	18588	82160	0	
1	 5	 3	 4	sample 10	443	2537	312	17732	83760	0	
1	 5	 4	 1	sample 10	277	2243	208	11084	78640	0	
1	 5	 4	 2	sample 10	398	2356	294	15932	78320	0	
1	 5	 4	 3	sample 10	427	2515	258	17068	83520	0	
1	 5	 4	 4	pos con	5314	7486	5410	377280	154212	0	
1	 6	 1	 1	sample 11	9349	11655	8301	794695	196010	0	
1	 6	 1	 2	sample 11	5938	8358	5188	510674	208120	0	
1	 6	 1	 3	sample 11	4412	6714	4336	299991	156536	0	
1	 6	 1	 4	sample 11	2565	4887	2526	117996	106812	0	
1	 6	 2	 1	sample 11	1639	3741	1600	72112	92488	0	
1	 6	 2	 2	sample 11	887	2961	946	35464	82960	0	
1	 6	 2	 3	sample 11	584	2652	610	23344	82720	0	
1	 6	 2	 4	neg con	311	2383	272	12452	82880	0	
1	 6	 3	 1	sample 12	838	2788	912	33528	78000	0	
1	 6	 3	 2	sample 12	368	2338	332	14732	78800	0	
1	 6	 3	 3	sample 12	284	2256	222	11371	78880	23078	
1	 6	 3	 4	sample 12	236	2272	234	9420	81440	0	
1	 6	 4	 1	sample 12	312	2158	348	12472	73840	0	
1	 6	 4	 2	sample 12	216	2094	208	8628	75120	14448	
1	 6	 4	 3	sample 12	229	2203	220	9156	78960	0	
1	 6	 4	 4	pos con	5412	7494	5568	405910	156150	0	
1	 7	 1	 1	sample 13	7887	10067	6550	749250	207100	0	
1	 7	 1	 2	sample 13	4968	7206	4734	347764	156660	0	
1	 7	 1	 3	sample 13	3766	6002	3596	267370	158756	0	
1	 7	 1	 4	sample 13	1374	3574	1534	54942	88000	0	
1	 7	 2	 1	sample 13	1626	3674	1630	76404	96256	0	
1	 7	 2	 2	sample 13	842	2918	822	33672	83040	0	
1	 7	 2	 3	sample 13	590	2526	632	23606	77440	0	
1	 7	 2	 4	neg con	106	2028	102	4226	76880	0	
1	 7	 3	 1	sample 14	1960	3890	1812	78400	77200	0	
1	 7	 3	 2	sample 14	896	2820	1020	35824	76960	0	
1	 7	 3	 3	sample 14	587	2487	560	23470	76000	0	
1	 7	 3	 4	sample 14	682	2574	642	27282	75680	0	
1	 7	 4	 1	sample 14	626	2544	658	25028	76720	0	
1	 7	 4	 2	sample 14	378	2288	382	15110	76400	0	
1	 7	 4	 3	sample 14	287	2219	248	11468	77280	0	
1	 7	 4	 4	pos con	4886	6990	4424	635142	273520	0	
1	 8	 1	 1	sample 15	2692	3532	2742	172256	53760	0	
1	 8	 1	 2	sample 15	1205	2071	1226	63856	45898	0	
1	 8	 1	 3	sample 15	725	1553	696	29018	33120	0	
1	 8	 1	 4	sample 15	851	1715	742	34048	34560	0	
1	 8	 2	 1	sample 15	542	1282	498	21686	29600	0	
1	 8	 2	 2	sample 15	481	1219	316	19232	29520	0	
1	 8	 2	 3	sample 15	487	1223	388	19494	29440	0	
1	 8	 2	 4	neg con	346	1158	272	13844	32480	0	
1	 8	 3	 1	sample 16	2189	2975	1976	102896	36942	0	
1	 8	 3	 2	sample 16	1090	1862	922	43592	30880	0	
1	 8	 3	 3	sample 16	1926	2770	1936	111732	48952	0	
1	 8	 3	 4	sample 16	1319	2193	1188	64632	42826	0	
1	 8	 4	 1	sample 16	2705	3417	2656	151476	39872	0	
1	 8	 4	 2	sample 16	2537	3311	2548	137014	41796	0	
1	 8	 4	 3	sample 16	3095	4049	2476	154735	47700	0	
1	 8	 4	 4	pos con	5142	6136	4458	694161	134190	0	
1	 9	 1	 1	sample 17	9459	11749	8739	879707	212970	0	
1	 9	 1	 2	sample 17	5632	7906	5498	427994	172824	0	
1	 9	 1	 3	sample 17	3787	5915	3534	249940	140448	0	
1	 9	 1	 4	sample 17	2091	4155	2076	73182	72240	0	
1	 9	 2	 1	sample 17	1542	3686	1578	61694	85760	0	
1	 9	 2	 2	sample 17	862	2980	894	34496	84720	0	
1	 9	 2	 3	sample 17	720	2700	722	28794	79200	0	
1	 9	 2	 4	neg con	282	2218	152	11286	77440	0	
1	 9	 3	 1	sample 18	3756	5764	3482	311769	166664	0	
1	 9	 3	 2	sample 18	1580	3556	1394	63217	79040	34142	
1	 9	 3	 3	sample 18	1681	3657	1622	67242	79040	0	
1	 9	 3	 4	sample 18	1420	3342	1448	56780	76880	0	
1	 9	 4	 1	sample 18	2397	4265	1742	98270	76588	0	
1	 9	 4	 2	sample 18	1697	3573	1392	84872	93800	0	
1	 9	 4	 3	sample 18	1088	2926	1178	43510	73520	0	
1	 9	 4	 4	pos con	4462	6264	4376	352487	142358	0	
1	 10	 1	 1	sample 19	11781	14235	11621	1013175	211044	0	
1	 10	 1	 2	sample 19	7756	10292	6806	705831	230776	0	
1	 10	 1	 3	sample 19	7471	9925	7608	537932	176688	0	
1	 10	 1	 4	sample 19	6165	8449	6530	382260	141608	0	
1	 10	 2	 1	sample 19	3556	5874	3386	177790	115900	0	
1	 10	 2	 2	sample 19	1991	4285	1956	89616	103230	0	
1	 10	 2	 3	sample 19	1167	3451	1180	46678	91360	0	
1	 10	 2	 4	neg con	388	2512	320	15528	84960	0	
1	 10	 3	 1	sample 20	1024	3024	998	40948	80000	0	
1	 10	 3	 2	sample 20	775	2725	690	30990	78000	0	
1	 10	 3	 3	sample 20	684	2618	712	27340	77360	0	
1	 10	 3	 4	sample 20	565	2435	514	22592	74800	0	
1	 10	 4	 1	sample 20	473	2239	420	18926	70640	0	
1	 10	 4	 2	sample 20	495	2245	382	19800	70000	0	
1	 10	 4	 3	sample 20	471	2259	366	18852	71520	0	
1	 10	 4	 4	pos con	4819	6539	4494	375916	134160	0	
1	 11	 1	 1	sample 21	8260	10818	7358	710398	219988	0	
1	 11	 1	 2	sample 21	4954	7558	4400	401270	210924	0	
1	 11	 1	 3	sample 21	3538	6124	3638	198132	144816	0	
1	 11	 1	 4	sample 21	1100	3700	1074	43980	104000	0	
1	 11	 2	 1	sample 21	1494	3890	1658	68706	110216	0	
1	 11	 2	 2	sample 21	761	3099	704	30438	93520	0	
1	 11	 2	 3	sample 21	627	2965	432	25092	93520	0	
1	 11	 2	 4	neg con	345	2657	192	13780	92480	0	
1	 11	 3	 1	sample 22	2551	4689	2604	132632	111176	0	
1	 11	 3	 2	sample 22	1344	3514	1368	69902	112840	0	
1	 11	 3	 3	sample 22	1332	3474	1304	53266	85680	0	
1	 11	 3	 4	sample 22	901	2973	824	36050	82880	0	
1	 11	 4	 1	sample 22	841	2891	668	33632	82000	0	
1	 11	 4	 2	sample 22	751	2837	616	30028	83440	0	
1	 11	 4	 3	sample 22	496	2630	396	19834	85360	0	
1	 11	 4	 4	pos con	5913	7985	5882	425724	149184	0	
1	 12	 1	 1	sample 23	13061	16187	14279	953465	228198	0	
1	 12	 1	 2	sample 23	10625	13887	11165	733112	225078	0	
1	 12	 1	 3	sample 23	9282	12546	8903	501202	176256	0	
1	 12	 1	 4	sample 23	8442	11704	8725	498096	192458	0	
1	 12	 2	 1	sample 23	6194	8836	6084	309721	132100	0	
1	 12	 2	 2	sample 23	4163	6923	4310	212306	140760	0	
1	 12	 2	 3	sample 23	2291	5147	2728	91656	114240	0	
1	 12	 2	 4	neg con	241	3129	196	9640	115520	0	
1	 12	 3	 1	sample 24	1622	4078	1642	64880	98240	0	
1	 12	 3	 2	sample 24	1323	3943	1322	52912	104800	0	
1	 12	 3	 3	sample 24	866	3548	856	34632	107280	0	
1	 12	 3	 4	sample 24	713	3483	770	28518	110800	0	
1	 12	 4	 1	sample 24	689	3057	502	27548	94720	0	
1	 12	 4	 2	sample 24	452	2874	420	18078	96880	0	
1	 12	 4	 3	sample 24	393	3023	470	15708	105200	0	
1	 12	 4	 4	pos con	6597	9447	7030	356258	153900	0	
2	 1	 1	 1	sample 25	10775	14039	9819	915899	277440	0	
2	 1	 1	 2	sample 25	7588	10930	7044	660149	290754	0	
2	 1	 1	 3	sample 25	5630	9048	5256	365925	222170	0	
2	 1	 1	 4	sample 25	3328	6662	3090	169714	170034	0	
2	 1	 2	 1	sample 25	2762	6036	2832	140858	166974	0	
2	 1	 2	 2	sample 25	2148	5466	2170	113846	175854	0	
2	 1	 2	 3	sample 25	1341	4767	1228	53622	137040	0	
2	 1	 2	 4	neg con	172	3466	154	6884	131760	0	
2	 1	 3	 1	sample 26	1060	4198	840	42390	125520	0	
2	 1	 3	 2	sample 26	382	3514	406	15264	125280	0	
2	 1	 3	 3	sample 26	480	3692	454	19200	128480	0	
2	 1	 3	 4	sample 26	416	3642	366	16646	129040	0	
2	 1	 4	 1	sample 26	145	3223	70	5792	123120	0	
2	 1	 4	 2	sample 26	54.2	3006	0	2168	118080	0	
2	 1	 4	 3	sample 26	198	3240	194	7912	121680	0	
2	 1	 4	 4	pos con	4397	7479	4348	272604	191084	0	
2	 2	 1	 1	sample 27	11297	14685	11197	858591	257488	0	
2	 2	 1	 2	sample 27	6376	9614	6418	427210	216946	0	
2	 2	 1	 3	sample 27	5307	8371	5352	313108	180776	0	
2	 2	 1	 4	sample 27	2669	5643	2620	122776	136804	0	
2	 2	 2	 1	sample 27	2646	5950	2668	111142	138768	0	
2	 2	 2	 2	sample 27	1970	5204	1860	78816	129360	0	
2	 2	 2	 3	sample 27	1681	4795	1530	67236	124560	0	
2	 2	 2	 4	neg con	192	3200	160	6898	108288	0	
2	 2	 3	 1	sample 28	1872	5082	1734	74878	128400	0	
2	 2	 3	 2	sample 28	1019	4201	988	34646	108188	0	
2	 2	 3	 3	sample 28	720	3798	716	24492	104652	0	
2	 2	 3	 4	sample 28	931	3887	944	37244	118240	0	
2	 2	 4	 1	sample 28	781	3831	764	31256	122000	0	
2	 2	 4	 2	sample 28	565	3605	536	20330	109440	0	
2	 2	 4	 3	sample 28	399	3513	388	14364	112104	0	
2	 2	 4	 4	pos con	5180	8158	5392	290092	166768	0	
2	 3	 1	 1	sample 29	10693	13811	10217	973098	283738	0	
2	 3	 1	 2	sample 29	8884	12262	7314	684032	260106	0	
2	 3	 1	 3	sample 29	6290	9604	6216	534615	281690	0	
2	 3	 1	 4	sample 29	3645	6857	3682	153106	134904	0	
2	 3	 2	 1	sample 29	1969	5079	1990	78750	124400	0	
2	 3	 2	 2	sample 29	1475	4783	1512	59010	132320	0	
2	 3	 2	 3	sample 29	988	4300	896	39532	132480	0	
2	 3	 2	 4	neg con	414	3644	390	16560	129200	0	
2	 3	 3	 1	sample 30	798	3864	720	31926	122640	0	
2	 3	 3	 2	sample 30	563	3743	496	22502	127200	0	
2	 3	 3	 3	sample 30	359	3639	292	14372	131200	0	
2	 3	 3	 4	sample 30	247	3677	232	9882	137200	0	
2	 3	 4	 1	sample 30	459	3557	280	18364	123920	0	
2	 3	 4	 2	sample 30	284	3518	198	11340	129360	0	
2	 3	 4	 3	sample 30	404	3736	364	16176	133280	0	
2	 3	 4	 4	pos con	4912	8550	4608	225969	167348	0	
2	 4	 1	 1	sample 31	10077	13481	9903	876735	296148	0	
2	 4	 1	 2	sample 31	6113	9643	5818	507338	292990	0	
2	 4	 1	 3	sample 31	5403	8921	5388	351179	228670	0	
2	 4	 1	 4	sample 31	1840	5396	1802	75446	145796	0	
2	 4	 2	 1	sample 31	2442	5884	2512	100104	141122	0	
2	 4	 2	 2	sample 31	1142	4656	1252	45668	140560	0	
2	 4	 2	 3	sample 31	623	4159	690	24900	141440	0	
2	 4	 2	 4	neg con	206	3748	170	8230	141680	0	
2	 4	 3	 1	sample 32	1935	5363	1872	77410	137120	0	
2	 4	 3	 2	sample 32	987	4469	1014	39466	139280	0	
2	 4	 3	 3	sample 32	922	4390	884	36880	138720	0	
2	 4	 3	 4	sample 32	888	4360	924	35500	138880	0	
2	 4	 4	 1	sample 32	491	3927	378	19654	137440	0	
2	 4	 4	 2	sample 32	526	3958	420	21058	137280	0	
2	 4	 4	 3	sample 32	568	4046	428	22722	139120	0	
2	 4	 4	 4	pos con	5439	8961	5370	315469	204276	0	
2	 5	 1	 1	sample 33	11034	14262	10965	937864	274380	0	
2	 5	 1	 2	sample 33	8266	11648	7918	636496	260414	0	
2	 5	 1	 3	sample 33	6015	9331	5938	378956	208908	0	
2	 5	 1	 4	sample 33	3830	7102	3746	145528	124336	0	
2	 5	 2	 1	sample 33	2440	5716	2500	100048	134316	0	
2	 5	 2	 2	sample 33	1676	4976	1606	70404	138600	0	
2	 5	 2	 3	sample 33	1267	4483	1322	50678	128640	0	
2	 5	 2	 4	neg con	357	3659	166	14290	132080	0	
2	 5	 3	 1	sample 34	3671	6805	3736	201882	172370	0	
2	 5	 3	 2	sample 34	2087	5223	2090	104332	156800	0	
2	 5	 3	 3	sample 34	1540	4678	1542	61610	125520	0	
2	 5	 3	 4	sample 34	1331	4503	1258	53252	126880	0	
2	 5	 4	 1	sample 34	1151	4217	1130	46048	122640	0	
2	 5	 4	 2	sample 34	755	3837	694	30210	123280	0	
2	 5	 4	 3	sample 34	689	3765	564	27558	123040	0	
2	 5	 4	 4	pos con	5286	8498	5038	343578	208780	0	
2	 6	 1	 1	sample 35	11396	14246	10891	877482	219450	0	
2	 6	 1	 2	sample 35	7869	10823	7170	605931	227458	0	
2	 6	 1	 3	sample 35	6147	8907	6078	418014	187680	0	
2	 6	 1	 4	sample 35	3219	5937	3186	138404	116874	0	
2	 6	 2	 1	sample 35	1426	4388	1412	57036	118480	0	
2	 6	 2	 2	sample 35	1004	3958	1026	40176	118160	0	
2	 6	 2	 3	sample 35	757	3485	850	30298	109120	0	
2	 6	 2	 4	neg con	260	2918	174	10402	106320	0	
2	 6	 3	 1	sample 36	3284	6292	3282	167462	153408	0	
2	 6	 3	 2	sample 36	2600	5568	2634	135178	154336	0	
2	 6	 3	 3	sample 36	2758	5448	2756	146176	142570	0	
2	 6	 3	 4	sample 36	2908	5676	2946	119246	113488	0	
2	 6	 4	 1	sample 36	2017	4727	2032	96796	130080	0	
2	 6	 4	 2	sample 36	1384	4196	1492	63668	129352	0	
2	 6	 4	 3	sample 36	1013	3799	952	40530	111440	0	
2	 6	 4	 4	pos con	5661	8473	5462	339669	168720	0	
2	 7	 1	 1	sample 37	10771	14025	10057	872464	263574	0	
2	 7	 1	 2	sample 37	7828	11146	7606	563649	238896	0	
2	 7	 1	 3	sample 37	5859	9115	5918	298790	166056	0	
2	 7	 1	 4	sample 37	3511	6643	3482	133436	119016	0	
2	 7	 2	 1	sample 37	2071	5309	2078	82832	129520	0	
2	 7	 2	 2	sample 37	1476	4722	1252	53126	116856	0	
2	 7	 2	 3	sample 37	881	4103	794	31716	115992	0	
2	 7	 2	 4	neg con	537	3707	332	19346	114120	0	
2	 7	 3	 1	sample 38	2352	5806	1934	84660	124344	0	
2	 7	 3	 2	sample 38	3056	6288	3128	149760	158368	0	
2	 7	 3	 3	sample 38	2699	5853	2732	140358	164008	0	
2	 7	 3	 4	sample 38	2548	5684	2592	135026	166208	0	
2	 7	 4	 1	sample 38	1768	4924	1792	70706	126240	0	
2	 7	 4	 2	sample 38	2006	5138	1990	66202	103356	0	
2	 7	 4	 3	sample 38	922	4060	892	33184	112968	0	
2	 7	 4	 4	pos con	5537	8661	4886	298980	168696	0	
2	 8	 1	 1	sample 39	13846	17194	14637	1204584	291276	0	
2	 8	 1	 2	sample 39	10993	14509	11197	901429	288312	0	
2	 8	 1	 3	sample 39	8953	12305	9091	644614	241344	0	
2	 8	 1	 4	sample 39	6344	9500	6442	374302	186204	0	
2	 8	 2	 1	sample 39	4007	7157	4166	176306	138600	0	
2	 8	 2	 2	sample 39	2551	5661	2564	102024	124400	0	
2	 8	 2	 3	sample 39	1419	4499	1472	56752	123200	0	
2	 8	 2	 4	neg con	347	3325	250	13860	119120	0	
2	 8	 3	 1	sample 40	1789	4749	1780	71548	118400	0	
2	 8	 3	 2	sample 40	1116	4038	1050	44656	116880	0	
2	 8	 3	 3	sample 40	653	3607	618	26130	118160	0	
2	 8	 3	 4	sample 40	615	3575	526	24618	118400	0	
2	 8	 4	 1	sample 40	603	3367	554	24108	110560	0	
2	 8	 4	 2	sample 40	464	3258	440	18552	111760	0	
2	 8	 4	 3	sample 40	372	3286	332	14896	116560	0	
2	 8	 4	 4	pos con	5582	8520	5274	401904	211536	0	
2	 9	 1	 1	sample 41	10499	14211	10219	703434	248704	0	
2	 9	 1	 2	sample 41	5865	9551	5948	480922	302252	0	
2	 9	 1	 3	sample 41	4281	7897	4406	218332	184416	0	
2	 9	 1	 4	sample 41	1848	5378	1484	73930	141200	0	
2	 9	 2	 1	sample 41	2608	6288	2638	109524	154560	0	
2	 9	 2	 2	sample 41	1756	5436	1764	66734	139840	0	
2	 9	 2	 3	sample 41	1530	5118	1472	61216	143520	0	
2	 9	 2	 4	neg con	469	3969	198	18760	140000	0	
2	 9	 3	 1	sample 42	11052	14698	11711	862024	284388	0	
2	 9	 3	 2	sample 42	6490	10298	6710	441325	258944	0	
2	 9	 3	 3	sample 42	5521	9133	5412	298149	195048	0	
2	 9	 3	 4	sample 42	4069	7707	3688	203458	181900	0	
2	 9	 4	 1	sample 42	3418	6914	3590	143550	146832	0	
2	 9	 4	 2	sample 42	1368	5168	1396	64286	178600	0	
2	 9	 4	 3	sample 42	1057	4581	1068	42268	140960	0	
2	 9	 4	 4	pos con	5328	8894	5428	319663	213960	0	
2	 10	 1	 1	sample 43	12301	15235	11551	959487	228852	0	
2	 10	 1	 2	sample 43	10335	13327	9767	847433	245344	0	
2	 10	 1	 3	sample 43	7939	10819	7894	460452	167040	0	
2	 10	 1	 4	sample 43	6140	8922	6250	380682	172484	0	
2	 10	 2	 1	sample 43	3509	6311	3670	175434	140100	0	
2	 10	 2	 2	sample 43	2430	5228	2392	119076	137102	0	
2	 10	 2	 3	sample 43	1827	4509	1608	74918	109962	0	
2	 10	 2	 4	neg con	527	3097	340	21082	102800	0	
2	 10	 3	 1	sample 44	3402	6174	3362	159900	130284	0	
2	 10	 3	 2	sample 44	1952	4654	1722	80012	110782	0	
2	 10	 3	 3	sample 44	2681	5311	2696	117962	115720	0	
2	 10	 3	 4	sample 44	2171	4821	2148	99886	121900	0	
2	 10	 4	 1	sample 44	1773	4447	1586	70906	106960	0	
2	 10	 4	 2	sample 44	1408	3996	1314	56302	103520	0	
2	 10	 4	 3	sample 44	1036	3668	936	41422	105280	0	
2	 10	 4	 4	pos con	6883	9531	6922	461154	177416	0	
2	 11	 1	 1	sample 45	11227	14807	10333	999175	318620	0	
2	 11	 1	 2	sample 45	7074	10612	6858	509322	254736	0	
2	 11	 1	 3	sample 45	4793	8257	4976	273180	197448	0	
2	 11	 1	 4	sample 45	2965	6297	3100	148246	166600	0	
2	 11	 2	 1	sample 45	2400	5998	2328	127178	190694	0	
2	 11	 2	 2	sample 45	1780	5312	1638	71196	141280	0	
2	 11	 2	 3	sample 45	1085	4529	1066	43412	137760	0	
2	 11	 2	 4	neg con	197	3583	128	7876	135440	0	
2	 11	 3	 1	sample 46	1873	5199	1648	74910	133040	0	
2	 11	 3	 2	sample 46	838	4368	680	33516	141200	45138	
2	 11	 3	 3	sample 46	675	4115	666	26992	137600	0	
2	 11	 3	 4	sample 46	623	4033	566	24902	136400	0	
2	 11	 4	 1	sample 46	535	3767	560	21388	129280	0	
2	 11	 4	 2	sample 46	492	3762	414	19682	130800	0	
2	 11	 4	 3	sample 46	434	3814	408	17354	135200	0	
2	 11	 4	 4	pos con	7035	10485	6676	464283	227700	0	
2	 12	 1	 1	sample 47	11769	14907	12157	776744	207108	0	
2	 12	 1	 2	sample 47	9842	13108	10973	580692	192694	0	
2	 12	 1	 3	sample 47	8912	12288	9455	472337	178928	0	
2	 12	 1	 4	sample 47	6954	10346	6968	333771	162816	0	
2	 12	 2	 1	sample 47	5209	8107	5122	270887	150696	0	
2	 12	 2	 2	sample 47	4393	7293	4624	158162	104400	0	
2	 12	 2	 3	sample 47	2239	5323	2286	89540	123360	0	
2	 12	 2	 4	neg con	261	3473	180	10430	128480	0	
2	 12	 3	 1	sample 48	654	3384	672	26178	109200	0	
2	 12	 3	 2	sample 48	451	3199	460	18024	109920	0	
2	 12	 3	 3	sample 48	444	3424	418	17754	119200	0	
2	 12	 3	 4	sample 48	281	3423	238	11220	125680	0	
2	 12	 4	 1	sample 48	323	3157	338	12934	113360	0	
2	 12	 4	 2	sample 48	204	3042	138	8140	113520	0	
2	 12	 4	 3	sample 48	262	3208	296	10472	117840	0	
2	 12	 4	 4	pos con	7535	10687	8151	376730	157600	0	
3	 1	 1	 1	sample 49	8553	10771	8410	821100	212928	0	
3	 1	 1	 2	sample 49	6065	8143	5906	551874	189098	0	
3	 1	 1	 3	sample 49	4443	6425	4384	324312	144686	0	
3	 1	 1	 4	sample 49	2910	4794	2788	183326	118692	0	
3	 1	 2	 1	sample 49	1572	3936	1310	62878	94560	0	
3	 1	 2	 2	sample 49	1084	3328	1090	43346	89760	0	
3	 1	 2	 3	sample 49	651	2641	604	26052	79600	0	
3	 1	 2	 4	neg con	297	2107	240	11874	72400	0	
3	 1	 3	 1	sample 50	3455	5793	3646	224568	151970	0	
3	 1	 3	 2	sample 50	1784	4218	1584	71352	97360	0	
3	 1	 3	 3	sample 50	2217	4263	2316	115260	106392	0	
3	 1	 3	 4	sample 50	1835	3725	1818	73406	75600	0	
3	 1	 4	 1	sample 50	1209	3265	1120	48374	82240	0	
3	 1	 4	 2	sample 50	1151	3077	1016	46048	77040	37596	
3	 1	 4	 3	sample 50	667	2673	652	26688	80240	0	
3	 1	 4	 4	pos con	4751	6663	4864	408615	164432	0	
3	 2	 1	 1	sample 51	9523	11837	8886	819017	199004	0	
3	 2	 1	 2	sample 51	5467	7769	4884	442846	186462	0	
3	 2	 1	 3	sample 51	4041	6335	3820	323290	183520	0	
3	 2	 1	 4	sample 51	2431	4747	2446	97236	92640	0	
3	 2	 2	 1	sample 51	1959	4257	1888	95990	112602	0	
3	 2	 2	 2	sample 51	1067	3389	1132	42674	92880	0	
3	 2	 2	 3	sample 51	779	3061	814	31142	91280	0	
3	 2	 2	 4	neg con	175	2395	114	6994	88800	0	
3	 2	 3	 1	sample 52	1890	4090	1774	92628	107800	0	
3	 2	 3	 2	sample 52	1296	3572	1238	51830	91040	0	
3	 2	 3	 3	sample 52	1212	3474	1212	48486	90480	0	
3	 2	 3	 4	sample 52	917	3137	932	36686	88800	0	
3	 2	 4	 1	sample 52	738	2836	732	29506	83920	0	
3	 2	 4	 2	sample 52	621	2785	532	24852	86560	0	
3	 2	 4	 3	sample 52	458	2682	406	18320	88960	0	
3	 2	 4	 4	pos con	5064	7308	5484	339287	150348	0	
3	 3	 1	 1	sample 53	9850	12012	9533	916078	201066	0	
3	 3	 1	 2	sample 53	6408	8848	6148	493414	187880	0	
3	 3	 1	 3	sample 53	3520	6056	3286	175996	126800	0	
3	 3	 1	 4	sample 53	2456	4786	2590	100684	95530	0	
3	 3	 2	 1	sample 53	1866	4092	1924	87710	104622	0	
3	 3	 2	 2	sample 53	1130	3550	1082	45194	96800	0	
3	 3	 2	 3	sample 53	510	2988	492	20400	99120	0	
3	 3	 2	 4	neg con	354	2650	308	14148	91840	0	
3	 3	 3	 1	sample 54	2403	4583	2168	108140	98100	0	
3	 3	 3	 2	sample 54	3039	5381	2982	121560	93680	0	
3	 3	 3	 3	sample 54	1088	4452	778	43528	134560	0	
3	 3	 3	 4	sample 54	2007	4369	2164	80262	94480	0	
3	 3	 4	 1	sample 54	2150	4162	2184	111784	104624	0	
3	 3	 4	 2	sample 54	1566	3762	1488	75156	105408	0	
3	 3	 4	 3	sample 54	1059	3309	1070	42372	90000	0	
3	 3	 4	 4	pos con	5508	7758	5484	385525	157500	0	
3	 4	 1	 1	sample 55	8976	11136	9263	789917	190080	0	
3	 4	 1	 2	sample 55	3943	6167	3992	268104	151232	0	
3	 4	 1	 3	sample 55	4301	6461	4258	296786	149040	0	
3	 4	 1	 4	sample 55	2492	4666	2376	122094	106526	0	
3	 4	 2	 1	sample 55	2488	4582	2538	124382	104700	0	
3	 4	 2	 2	sample 55	1467	3567	1464	70418	100800	0	
3	 4	 2	 3	sample 55	927	3043	888	37086	84640	0	
3	 4	 2	 4	neg con	426	2570	314	17050	85760	0	
3	 4	 3	 1	sample 56	3075	5071	3160	202934	131736	0	
3	 4	 3	 2	sample 56	1250	3368	1254	49980	84720	0	
3	 4	 3	 3	sample 56	938	3108	930	37520	86800	0	
3	 4	 3	 4	sample 56	981	3173	956	39232	87680	0	
3	 4	 4	 1	sample 56	982	3062	874	39284	83200	0	
3	 4	 4	 2	sample 56	843	2957	846	33710	84560	0	
3	 4	 4	 3	sample 56	721	2915	698	28856	87760	0	
3	 4	 4	 4	pos con	5342	7616	5240	347251	147810	0	
3	 5	 1	 1	sample 57	10005	12335	10017	790379	184070	0	
3	 5	 1	 2	sample 57	5513	7865	4864	413484	176400	0	
3	 5	 1	 3	sample 57	3944	6206	3842	228776	131196	0	
3	 5	 1	 4	sample 57	2139	4421	1974	77000	82152	0	
3	 5	 2	 1	sample 57	2218	4560	2332	97612	103048	0	
3	 5	 2	 2	sample 57	1570	3912	1600	62802	93680	0	
3	 5	 2	 3	sample 57	925	3167	736	37016	89680	0	
3	 5	 2	 4	neg con	467	2687	272	18662	88800	0	
3	 5	 3	 1	sample 58	2243	4645	2070	98698	105688	0	
3	 5	 3	 2	sample 58	2345	4721	2332	72710	73656	0	
3	 5	 3	 3	sample 58	2327	4615	2086	100050	98384	0	
3	 5	 3	 4	sample 58	2096	4406	2178	83852	92400	0	
3	 5	 4	 1	sample 58	1748	3968	1824	69904	88800	0	
3	 5	 4	 2	sample 58	1365	3591	1342	54598	89040	0	
3	 5	 4	 3	sample 58	1081	3287	1082	43222	88240	0	
3	 5	 4	 4	pos con	6012	8292	5316	396767	150480	0	
3	 6	 1	 1	sample 59	8150	9692	8345	619414	117192	0	
3	 6	 1	 2	sample 59	4593	6139	4868	312324	105128	0	
3	 6	 1	 3	sample 59	3953	5491	4048	237204	92280	0	
3	 6	 1	 4	sample 59	2847	4315	2746	159412	82208	0	
3	 6	 2	 1	sample 59	2321	3893	2410	92846	62880	0	
3	 6	 2	 2	sample 59	1061	2627	1110	42440	62640	0	
3	 6	 2	 3	sample 59	863	2309	846	34502	57840	0	
3	 6	 2	 4	neg con	269	1709	228	10750	57600	0	
3	 6	 3	 1	sample 60	2874	4528	2644	209784	120742	0	
3	 6	 3	 2	sample 60	2820	4454	3082	169180	98040	0	
3	 6	 3	 3	sample 60	2531	4003	2382	134130	78016	0	
3	 6	 3	 4	sample 60	2317	3869	2340	95000	63632	0	
3	 6	 4	 1	sample 60	2041	3543	2178	93868	69092	0	
3	 6	 4	 2	sample 60	1584	3170	1704	79222	79300	0	
3	 6	 4	 3	sample 60	1259	2839	1284	60442	75840	0	
3	 6	 4	 4	pos con	5522	7008	5794	342351	92132	0	
3	 7	 1	 1	sample 61	10181	12575	9831	906113	213066	0	
3	 7	 1	 2	sample 61	6166	8516	6448	468584	178600	0	
3	 7	 1	 3	sample 61	4156	6370	4192	236918	126198	0	
3	 7	 1	 4	sample 61	3747	5881	3718	176090	100298	0	
3	 7	 2	 1	sample 61	2302	4700	2354	119688	124696	0	
3	 7	 2	 2	sample 61	1298	3658	1204	51904	94400	0	
3	 7	 2	 3	sample 61	1092	3348	1116	43678	90240	0	
3	 7	 2	 4	neg con	209	2373	134	8354	86560	0	
3	 7	 3	 1	sample 62	4241	6687	4142	318042	183450	0	
3	 7	 3	 2	sample 62	3440	5782	3466	213258	145204	0	
3	 7	 3	 3	sample 62	2961	5259	3064	139178	108006	0	
3	 7	 3	 4	sample 62	2109	4461	2198	99126	110544	0	
3	 7	 4	 1	sample 62	1591	3737	1662	63644	85840	0	
3	 7	 4	 2	sample 62	1357	3489	1388	54284	85280	0	
3	 7	 4	 3	sample 62	907	3077	976	36274	86800	0	
3	 7	 4	 4	pos con	5953	8223	5932	386945	147550	0	
3	 8	 1	 1	sample 63	3736	5152	3748	268970	101952	0	
3	 8	 1	 2	sample 63	2978	4310	2884	196560	87912	0	
3	 8	 1	 3	sample 63	3046	4332	3084	182784	77160	0	
3	 8	 1	 4	sample 63	2546	3766	2632	134964	64660	0	
3	 8	 2	 1	sample 63	814	2962	728	32572	85920	0	
3	 8	 2	 2	sample 63	1744	3082	1788	87182	66900	0	
3	 8	 2	 3	sample 63	1698	2924	1782	83226	60074	0	
3	 8	 2	 4	neg con	227	1451	98	9098	48960	0	
3	 8	 3	 1	sample 64	2746	3842	2970	175722	70144	0	
3	 8	 3	 2	sample 64	1457	2567	1530	77238	58830	0	
3	 8	 3	 3	sample 64	1206	2342	1228	57882	54528	0	
3	 8	 3	 4	sample 64	924	2120	844	36964	47840	0	
3	 8	 4	 1	sample 64	863	1793	846	34532	37200	0	
3	 8	 4	 2	sample 64	723	1695	722	28932	38880	0	
3	 8	 4	 3	sample 64	866	1980	720	34630	44560	0	
3	 8	 4	 4	pos con	5466	6728	5816	382646	88340	0	
3	 9	 1	 1	sample 65	9496	11328	9045	826113	159384	0	
3	 9	 1	 2	sample 65	5752	7654	5764	425647	140748	0	
3	 9	 1	 3	sample 65	4450	6256	4376	262532	106554	0	
3	 9	 1	 4	sample 65	3043	4699	2998	152146	82800	0	
3	 9	 2	 1	sample 65	1826	3710	1892	89474	92316	0	
3	 9	 2	 2	sample 65	1214	3066	1322	48542	74080	0	
3	 9	 2	 3	sample 65	841	2567	842	33648	69040	0	
3	 9	 2	 4	neg con	251	1891	122	10038	65600	0	
3	 9	 3	 1	sample 66	2593	4501	2446	158160	116388	0	
3	 9	 3	 2	sample 66	2134	3936	2184	113084	95506	0	
3	 9	 3	 3	sample 66	1426	3170	1482	69888	85456	0	
3	 9	 3	 4	sample 66	1591	3317	1528	63624	69040	0	
3	 9	 4	 1	sample 66	1325	3083	1374	51670	68562	0	
3	 9	 4	 2	sample 66	1089	2807	994	44634	70438	0	
3	 9	 4	 3	sample 66	979	2639	1060	39178	66400	0	
3	 9	 4	 4	pos con	6154	7846	5844	547706	150588	0	
3	 10	 1	 1	sample 67	2128	3688	2284	112760	82680	0	
3	 10	 1	 2	sample 67	1355	2851	1422	69080	76296	0	
3	 10	 1	 3	sample 67	1311	2835	1288	60314	70104	0	
3	 10	 1	 4	sample 67	910	2416	766	36410	60240	0	
3	 10	 2	 1	sample 67	854	2408	738	34178	62160	0	
3	 10	 2	 2	sample 67	594	2084	518	23770	59600	0	
3	 10	 2	 3	sample 67	760	2226	484	30398	58640	0	
3	 10	 2	 4	neg con	243	1687	142	9716	57760	0	
3	 10	 3	 1	sample 68	2276	3818	2288	100134	67848	0	
3	 10	 3	 2	sample 68	1202	2684	1248	63688	78546	0	
3	 10	 3	 3	sample 68	799	2279	706	31950	59200	0	
3	 10	 3	 4	sample 68	775	2205	654	30988	57200	0	
3	 10	 4	 1	sample 68	611	2159	464	24448	61920	0	
3	 10	 4	 2	sample 68	707	2171	522	28282	58560	0	
3	 10	 4	 3	sample 68	525	1943	420	20988	56720	0	
3	 10	 4	 4	pos con	5891	7285	5492	477138	112914	0	
3	 11	 1	 1	sample 69	9940	12462	9143	1073510	272376	0	
3	 11	 1	 2	sample 69	6915	9425	6522	456418	165660	0	
3	 11	 1	 3	sample 69	5926	8520	5990	331865	145264	0	
3	 11	 1	 4	sample 69	3797	6397	3732	212610	145600	0	
3	 11	 2	 1	sample 69	1796	4232	1810	91598	124236	0	
3	 11	 2	 2	sample 69	1054	3468	928	42170	96560	0	
3	 11	 2	 3	sample 69	843	3285	832	33704	97680	0	
3	 11	 2	 4	neg con	200	2674	128	7998	98960	0	
3	 11	 3	 1	sample 70	3853	6177	3790	277450	167328	0	
3	 11	 3	 2	sample 70	3086	5446	2994	179004	136880	0	
3	 11	 3	 3	sample 70	2824	5230	2904	132714	113082	0	
3	 11	 3	 4	sample 70	2047	4343	2128	104412	117096	0	
3	 11	 4	 1	sample 70	1553	3775	1586	76116	108878	0	
3	 11	 4	 2	sample 70	1350	3564	1378	53986	88560	0	
3	 11	 4	 3	sample 70	995	3325	1008	39810	93200	0	
3	 11	 4	 4	pos con	6579	8839	6986	427641	146900	0	
3	 12	 1	 1	sample 71	3310	4684	3210	228416	94806	0	
3	 12	 1	 2	sample 71	2445	3911	2456	168688	101154	0	
3	 12	 1	 3	sample 71	1959	3463	1930	103824	79712	0	
3	 12	 1	 4	sample 71	2134	3772	2010	100304	76986	0	
3	 12	 2	 1	sample 71	1689	3027	1716	74334	58872	0	
3	 12	 2	 2	sample 71	959	2349	980	38364	55600	0	
3	 12	 2	 3	sample 71	796	2234	762	31856	57520	0	
3	 12	 2	 4	neg con	203	1703	80	8128	60000	0	
3	 12	 3	 1	sample 72	1434	2788	1242	57368	54160	0	
3	 12	 3	 2	sample 72	829	2099	700	33174	50800	0	
3	 12	 3	 3	sample 72	869	2237	894	34772	54720	0	
3	 12	 3	 4	sample 72	659	2253	656	26348	63760	0	
3	 12	 4	 1	sample 72	734	1928	702	29356	47760	0	
3	 12	 4	 2	sample 72	499	1635	458	19950	45440	0	
3	 12	 4	 3	sample 72	357	1675	364	14292	52720	0	
3	 12	 4	 4	pos con	6277	7891	6046	502131	129120	0	
4	 1	 1	 1	sample 73	3056	4534	2818	232280	112328	0	
4	 1	 1	 2	sample 73	2530	4050	2422	144228	86640	0	
4	 1	 1	 3	sample 73	2795	4311	2600	254368	137956	0	
4	 1	 1	 4	sample 73	2111	3517	2272	109780	73112	0	
4	 1	 2	 1	sample 73	1394	3004	1400	71080	82110	0	
4	 1	 2	 2	sample 73	1052	2546	1174	55782	79182	0	
4	 1	 2	 3	sample 73	909	2333	884	45458	71200	0	
4	 1	 2	 4	neg con	144	1562	-25.99	5774	56720	0	
4	 1	 3	 1	sample 74	1760	3088	1648	93258	70384	0	
4	 1	 3	 2	sample 74	1159	2553	1210	60270	72488	0	
4	 1	 3	 3	sample 74	780	2214	768	38976	71700	0	
4	 1	 3	 4	sample 74	543	2023	514	27138	74000	0	
4	 1	 4	 1	sample 74	400	1306	320	15988	36240	0	
4	 1	 4	 2	sample 74	329	1313	224	13176	39360	0	
4	 1	 4	 3	sample 74	218	1360	140	8704	45680	0	
4	 1	 4	 4	pos con	3832	5120	3700	268230	90160	0	
4	 2	 1	 1	sample 75	710	1726	698	36934	52832	0	
4	 2	 1	 2	sample 75	1099	2119	1112	56062	52020	0	
4	 2	 1	 3	sample 75	923	2071	868	48006	59696	0	
4	 2	 1	 4	sample 75	1170	2242	952	50328	46096	0	
4	 2	 2	 1	sample 75	669	1685	516	29444	44704	0	
4	 2	 2	 2	sample 75	627	1673	556	26940	44978	0	
4	 2	 2	 3	sample 75	497	1585	372	22862	50048	0	
4	 2	 2	 4	neg con	310	1356	194	12396	41840	0	
4	 2	 3	 1	sample 76	1567	2585	1564	103420	67188	0	
4	 2	 3	 2	sample 76	984	2100	936	51192	58032	0	
4	 2	 3	 3	sample 76	1073	2225	1006	53650	57600	0	
4	 2	 3	 4	sample 76	867	2089	740	31204	43992	0	
4	 2	 4	 1	sample 76	450	1352	322	18002	36080	0	
4	 2	 4	 2	sample 76	573	1557	496	17750	30504	0	
4	 2	 4	 3	sample 76	426	1392	308	17040	38640	0	
4	 2	 4	 4	pos con	4050	4976	4070	332122	75932	0	
4	 3	 1	 1	sample 77	3881	5529	3866	271698	115360	0	
4	 3	 1	 2	sample 77	2853	4665	2892	182588	115968	0	
4	 3	 1	 3	sample 77	1553	3541	1508	74556	95424	0	
4	 3	 1	 4	sample 77	778	2404	626	31120	65040	0	
4	 3	 2	 1	sample 77	864	2436	898	34574	62880	0	
4	 3	 2	 2	sample 77	619	2363	518	24766	69760	0	
4	 3	 2	 3	sample 77	546	2192	552	21850	65840	0	
4	 3	 2	 4	neg con	158	1742	164	6314	63360	0	
4	 3	 3	 1	sample 78	3217	4889	3352	209098	108680	0	
4	 3	 3	 2	sample 78	3395	5013	3390	217286	103552	0	
4	 3	 3	 3	sample 78	2855	4425	2712	185592	102050	0	
4	 3	 3	 4	sample 78	2415	3951	2296	128004	81408	0	
4	 3	 4	 1	sample 78	1783	3063	1958	89146	64000	0	
4	 3	 4	 2	sample 78	1036	2320	1136	53872	66768	0	
4	 3	 4	 3	sample 78	930	2224	896	46520	64700	0	
4	 3	 4	 4	pos con	5023	6317	4634	361626	93168	0	
4	 4	 1	 1	sample 79	13657	16555	15399	1215516	257922	0	
4	 4	 1	 2	sample 79	11206	14298	10775	784450	216440	0	
4	 4	 1	 3	sample 79	8297	11225	8499	655445	231312	0	
4	 4	 1	 4	sample 79	5819	8663	6002	308416	150732	0	
4	 4	 2	 1	sample 79	4093	6857	4356	216934	146492	0	
4	 4	 2	 2	sample 79	2371	5299	2260	94856	117120	0	
4	 4	 2	 3	sample 79	1452	4114	1374	58062	106480	0	
4	 4	 2	 4	neg con	372	2850	252	14888	99120	0	
4	 4	 3	 1	sample 80	3402	6022	3344	190536	146720	0	
4	 4	 3	 2	sample 80	3162	5630	3014	177054	138208	0	
4	 4	 3	 3	sample 80	2663	5011	2620	135822	119748	0	
4	 4	 3	 4	sample 80	2770	5024	2936	166190	135240	0	
4	 4	 4	 1	sample 80	2682	4698	2704	131438	98784	0	
4	 4	 4	 2	sample 80	1680	3644	1582	67180	78560	0	
4	 4	 4	 3	sample 80	1069	3007	1026	42776	77520	0	
4	 4	 4	 4	pos con	4799	6713	4998	278336	111012	0	
4	 5	 1	 1	sample 81	4647	6621	4822	302080	128310	0	
4	 5	 1	 2	sample 81	2658	4492	2710	138212	95368	0	
4	 5	 1	 3	sample 81	2194	3952	2286	103140	82626	0	
4	 5	 1	 4	sample 81	1447	3177	1406	66584	79580	0	
4	 5	 2	 1	sample 81	879	2525	924	43966	82300	0	
4	 5	 2	 2	sample 81	762	2286	696	30466	60960	0	
4	 5	 2	 3	sample 81	601	2117	476	24052	60640	0	
4	 5	 2	 4	neg con	335	1829	264	13384	59760	0	
4	 5	 3	 1	sample 82	1358	2648	1232	66532	63210	0	
4	 5	 3	 2	sample 82	623	1889	576	24906	50640	0	
4	 5	 3	 3	sample 82	608	1810	582	24322	48080	0	
4	 5	 3	 4	sample 82	451	1665	388	18034	48560	0	
4	 5	 4	 1	sample 82	294	1280	268	11748	39440	0	
4	 5	 4	 2	sample 82	200	1146	200	8012	37840	0	
4	 5	 4	 3	sample 82	294	1188	318	11750	35760	0	
4	 5	 4	 4	pos con	4676	5568	4428	317938	60656	0	
4	 6	 1	 1	sample 83	4677	6421	4770	294634	109872	0	
4	 6	 1	 2	sample 83	3218	4830	3148	167328	83824	0	
4	 6	 1	 3	sample 83	2979	4651	3060	154926	86944	0	
4	 6	 1	 4	sample 83	2538	4090	2480	134540	82256	0	
4	 6	 2	 1	sample 83	1553	3091	1534	72984	72286	0	
4	 6	 2	 2	sample 83	1276	2798	1346	59986	71534	0	
4	 6	 2	 3	sample 83	1023	2433	1034	48102	66270	0	
4	 6	 2	 4	neg con	328	1686	256	13138	54320	0	
4	 6	 3	 1	sample 84	2787	3977	2674	128216	54740	0	
4	 6	 3	 2	sample 84	1632	2886	1674	81592	62700	0	
4	 6	 3	 3	sample 84	2318	3518	2224	88078	45600	0	
4	 6	 3	 4	sample 84	1535	2677	1484	61406	45680	0	
4	 6	 4	 1	sample 84	1076	1886	982	51666	38880	0	
4	 6	 4	 2	sample 84	896	1722	936	35820	33040	0	
4	 6	 4	 3	sample 84	677	1547	586	27072	34800	0	
4	 6	 4	 4	pos con	4734	5536	4554	279310	47318	0	
4	 7	 1	 1	sample 85	2510	3908	2438	173194	96462	0	
4	 7	 1	 2	sample 85	1189	2605	1154	63008	75048	0	
4	 7	 1	 3	sample 85	1111	2479	1130	43310	53352	0	
4	 7	 1	 4	sample 85	712	2098	742	28468	55440	0	
4	 7	 2	 1	sample 85	594	1950	584	24952	56952	0	
4	 7	 2	 2	sample 85	494	1814	404	19754	52800	0	
4	 7	 2	 3	sample 85	415	1717	384	16602	52080	0	
4	 7	 2	 4	neg con	262	1582	236	10474	52800	0	
4	 7	 3	 1	sample 86	2835	3983	2786	192746	78064	0	
4	 7	 3	 2	sample 86	1317	2541	1314	69794	64872	0	
4	 7	 3	 3	sample 86	782	1984	788	39124	60100	0	
4	 7	 3	 4	sample 86	915	2199	876	46686	65484	0	
4	 7	 4	 1	sample 86	701	1569	554	28058	34720	0	
4	 7	 4	 2	sample 86	700	1654	670	21692	29574	0	
4	 7	 4	 3	sample 86	637	1619	544	25484	39280	0	
4	 7	 4	 4	pos con	4535	5619	4394	312935	74796	0	
4	 8	 1	 1	sample 87	3518	5512	3512	189978	107676	0	
4	 8	 1	 2	sample 87	2221	4251	2168	117722	107590	0	
4	 8	 1	 3	sample 87	1656	3748	1700	77850	98324	0	
4	 8	 1	 4	sample 87	1533	3573	1586	61312	81600	0	
4	 8	 2	 1	sample 87	999	2883	1038	43958	82896	0	
4	 8	 2	 2	sample 87	678	2592	588	27100	76560	0	
4	 8	 2	 3	sample 87	536	2440	520	21456	76160	0	
4	 8	 2	 4	neg con	387	2335	310	15460	77920	0	
4	 8	 3	 1	sample 88	1558	3262	1748	62322	68160	0	
4	 8	 3	 2	sample 88	922	2672	854	36864	70000	0	
4	 8	 3	 3	sample 88	662	2438	620	26470	71040	0	
4	 8	 3	 4	sample 88	549	2359	432	21958	72400	0	
4	 8	 4	 1	sample 88	501	1829	288	20052	53120	0	
4	 8	 4	 2	sample 88	503	1795	436	20128	51680	0	
4	 8	 4	 3	sample 88	425	1749	294	17010	52960	0	
4	 8	 4	 4	pos con	5668	6924	5608	476120	105504	0	
4	 9	 1	 1	sample 89	4989	7143	4954	319320	137856	0	
4	 9	 1	 2	sample 89	2837	5017	2680	139012	106820	0	
4	 9	 1	 3	sample 89	2326	4502	2446	102356	95744	0	
4	 9	 1	 4	sample 89	1786	4040	1736	71422	90160	0	
4	 9	 2	 1	sample 89	1343	3559	1402	53732	88640	0	
4	 9	 2	 2	sample 89	1001	3143	974	40050	85680	0	
4	 9	 2	 3	sample 89	943	3123	932	30170	69760	0	
4	 9	 2	 4	neg con	346	2480	284	13846	85360	0	
4	 9	 3	 1	sample 90	3966	5884	3790	261726	126588	0	
4	 9	 3	 2	sample 90	3193	5083	3112	166040	98280	0	
4	 9	 3	 3	sample 90	2992	4916	3070	143602	92352	0	
4	 9	 3	 4	sample 90	2425	4343	2638	116396	92064	0	
4	 9	 4	 1	sample 90	1663	2925	1694	81488	61838	0	
4	 9	 4	 2	sample 90	1141	2405	1184	59312	65728	0	
4	 9	 4	 3	sample 90	1095	2343	1066	44900	51168	0	
4	 9	 4	 4	pos con	5887	7199	5412	382675	85280	0	
4	 10	 1	 1	sample 91	5680	8182	5604	448735	197658	0	
4	 10	 1	 2	sample 91	3773	6167	3624	230136	146034	0	
4	 10	 1	 3	sample 91	4074	6430	3590	199605	115444	0	
4	 10	 1	 4	sample 91	3492	5770	3548	129206	84286	0	
4	 10	 2	 1	sample 91	2418	4768	2436	118458	115150	0	
4	 10	 2	 2	sample 91	1491	3805	1608	55184	85618	0	
4	 10	 2	 3	sample 91	1468	3782	1440	70460	111072	0	
4	 10	 2	 4	neg con	417	2723	314	16692	92240	0	
4	 10	 3	 1	sample 92	5142	7022	5620	334206	122200	0	
4	 10	 3	 2	sample 92	2561	4615	2696	128066	102700	0	
4	 10	 3	 3	sample 92	2395	4529	2424	117362	104566	0	
4	 10	 3	 4	sample 92	1313	3523	1318	59080	99450	0	
4	 10	 4	 1	sample 92	1044	2538	1014	43830	62748	0	
4	 10	 4	 2	sample 92	751	2339	656	30046	63520	0	
4	 10	 4	 3	sample 92	569	2387	534	22766	72720	0	
4	 10	 4	 4	pos con	6363	8301	6176	419942	127908	0	
4	 11	 1	 1	sample 93	4014	6006	3614	417472	207168	0	
4	 11	 1	 2	sample 93	3162	5086	3154	183388	111592	0	
4	 11	 1	 3	sample 93	2520	4434	2548	113402	86130	0	
4	 11	 1	 4	sample 93	2169	4011	2196	104132	88416	0	
4	 11	 2	 1	sample 93	1355	3279	1362	54216	76960	0	
4	 11	 2	 2	sample 93	1298	3206	1366	51910	76320	0	
4	 11	 2	 3	sample 93	1034	2978	962	42410	79704	0	
4	 11	 2	 4	neg con	318	2172	238	12714	74160	0	
4	 11	 3	 1	sample 94	3166	5006	3066	202630	117760	0	
4	 11	 3	 2	sample 94	1830	3676	1900	82330	83070	0	
4	 11	 3	 3	sample 94	1488	3342	1368	59522	74160	0	
4	 11	 3	 4	sample 94	1174	3046	1170	38740	61776	0	
4	 11	 4	 1	sample 94	1102	2714	944	45190	66092	0	
4	 11	 4	 2	sample 94	696	2292	712	27826	63840	0	
4	 11	 4	 3	sample 94	636	2320	480	25442	67360	0	
4	 11	 4	 4	pos con	6260	8014	7080	431952	121026	0	
4	 12	 1	 1	sample 95	2291	3811	2274	119116	79040	0	
4	 12	 1	 2	sample 95	1591	3189	1588	74756	75106	0	
4	 12	 1	 3	sample 95	1384	3024	1316	62258	73800	0	
4	 12	 1	 4	sample 95	1245	2991	1198	53542	75078	0	
4	 12	 2	 1	sample 95	502	2156	552	20064	66160	0	
4	 12	 2	 2	sample 95	609	2211	482	24364	64080	0	
4	 12	 2	 3	sample 95	383	2077	350	15310	67760	0	
4	 12	 2	 4	neg con	522	2268	422	20866	69840	0	
4	 12	 3	 1	sample 96	2577	4127	2520	110796	66650	0	
4	 12	 3	 2	sample 96	1476	3058	1426	53124	56952	0	
4	 12	 3	 3	sample 96	1091	2567	1088	45814	61992	0	
4	 12	 3	 4	sample 96	804	2376	746	32144	62880	0	
4	 12	 4	 1	sample 96	865	2175	742	34606	52400	0	
4	 12	 4	 2	sample 96	700	1926	600	27982	49040	0	
4	 12	 4	 3	sample 96	526	1836	496	21054	52400	0	
4	 12	 4	 4	pos con	5016	6342	4962	351088	92820	0	
