MicroVigene	 Version	 2500
Culture	en-US
4/19/2006 12:15:29 PM
Roi Row	 4	 Roi Col	 12	 Main Row	 4	 Main Col	 4	 Sub Row	 1	 Sub Col	 1
Main Row	 Main Col	 Sub Row	 Sub Col	  GeneID	mean_net	 mean_total	 median_net	 vol_net	 vol_bkg	 vol_dust	 
1	 1	 1	 1	sample 1	7085	8627	7196	559747	121818	0	
1	 1	 1	 2	sample 1	938	3766	1028	37502	113120	0	
1	 1	 1	 3	sample 1	1594	3136	1028	63760	61680	0	
1	 1	 1	 4	sample 1	1131	2417	1028	53176	60442	0	
1	 1	 2	 1	sample 1	591	1877	514	23624	51440	0	
1	 1	 2	 2	sample 1	302	1588	256	12060	51440	0	
1	 1	 2	 3	sample 1	276	1562	256	11030	51440	0	
1	 1	 2	 4	neg con	405	1433	258	16210	41120	0	
1	 1	 3	 1	sample 2	1339	2367	1286	84330	64764	0	
1	 1	 3	 2	sample 2	861	1889	772	34458	41120	0	
1	 1	 3	 3	sample 2	954	1982	1028	45770	49344	0	
1	 1	 3	 4	sample 2	823	1851	772	32920	41120	0	
1	 1	 4	 1	sample 2	373	1401	258	14932	41120	0	
1	 1	 4	 2	sample 2	290	1318	258	11580	41120	0	
1	 1	 4	 3	sample 2	367	1395	258	14668	41120	0	
1	 1	 4	 4	pos con	3416	4444	3084	259600	78128	0	
1	 2	 1	 1	sample 3	5610	7410	4882	504934	162000	0	
1	 2	 1	 2	sample 3	4454	6510	3856	338494	156256	0	
1	 2	 1	 3	sample 3	3126	5182	2828	231336	152144	0	
1	 2	 1	 4	sample 3	1553	3609	1542	76094	100744	0	
1	 2	 2	 1	sample 3	861	2661	770	34420	72000	0	
1	 2	 2	 2	sample 3	795	2595	770	25426	57600	0	
1	 2	 2	 3	sample 3	648	2448	514	25936	72000	0	
1	 2	 2	 4	neg con	430	2230	256	17194	72000	0	
1	 2	 3	 1	sample 4	3674	5474	3854	356410	174600	0	
1	 2	 3	 2	sample 4	2816	4616	2570	214040	136800	0	
1	 2	 3	 3	sample 4	2997	4797	2826	203766	122400	0	
1	 2	 3	 4	sample 4	2497	4039	2570	157312	97146	0	
1	 2	 4	 1	sample 4	2117	3917	2312	114336	97200	0	
1	 2	 4	 2	sample 4	1655	3197	1542	79438	74016	0	
1	 2	 4	 3	sample 4	558	2358	514	22338	72000	0	
1	 2	 4	 4	pos con	4271	5813	4112	290443	104856	0	
1	 3	 1	 1	sample 5	4834	6634	5140	338410	126000	0	
1	 3	 1	 2	sample 5	3333	5389	3084	213336	131584	0	
1	 3	 1	 3	sample 5	2407	4463	2056	132382	113080	0	
1	 3	 1	 4	sample 5	1085	3141	1028	44482	84296	0	
1	 3	 2	 1	sample 5	971	2771	770	48542	90000	0	
1	 3	 2	 2	sample 5	681	2223	772	27258	61680	0	
1	 3	 2	 3	sample 5	469	2269	514	18748	72000	0	
1	 3	 2	 4	neg con	76.8	1877	0	3072	72000	0	
1	 3	 3	 1	sample 6	1596	3138	1542	84578	81726	0	
1	 3	 3	 2	sample 6	1044	2586	1028	53220	78642	0	
1	 3	 3	 3	sample 6	534	2076	514	21348	61680	0	
1	 3	 3	 4	sample 6	502	2044	514	20062	61680	0	
1	 3	 4	 1	sample 6	520	1806	514	20800	51440	0	
1	 3	 4	 2	sample 6	636	1922	514	25420	51440	19792	
1	 3	 4	 3	sample 6	322	1864	258	12872	61680	0	
1	 3	 4	 4	pos con	5044	6586	5398	322806	98688	0	
1	 4	 1	 1	sample 7	4545	6087	3856	359051	121818	0	
1	 4	 1	 2	sample 7	2806	4348	2570	168366	92520	0	
1	 4	 1	 3	sample 7	3211	4753	2828	202290	97146	0	
1	 4	 1	 4	sample 7	971	2513	772	38830	61680	0	
1	 4	 2	 1	sample 7	1045	2331	1028	45982	56584	0	
1	 4	 2	 2	sample 7	839	2125	770	37754	57870	0	
1	 4	 2	 3	sample 7	565	1851	514	22598	51440	0	
1	 4	 2	 4	neg con	417	1703	256	16686	51440	0	
1	 4	 3	 1	sample 8	1885	2913	1800	118762	64764	0	
1	 4	 3	 2	sample 8	739	1767	514	29572	41120	0	
1	 4	 3	 3	sample 8	726	1754	514	29054	41120	0	
1	 4	 3	 4	sample 8	771	1799	514	30852	41120	0	
1	 4	 4	 1	sample 8	489	1517	258	19556	41120	0	
1	 4	 4	 2	sample 8	379	1407	258	15178	41120	0	
1	 4	 4	 3	sample 8	418	1446	514	16724	41120	0	
1	 4	 4	 4	pos con	3333	4361	3084	379905	117192	0	
1	 5	 1	 1	sample 9	3509	5565	3598	263206	154200	0	
1	 5	 1	 2	sample 9	2803	4859	2570	176592	129528	0	
1	 5	 1	 3	sample 9	1538	3594	1286	78414	104856	0	
1	 5	 1	 4	sample 9	712	2768	772	30608	88408	0	
1	 5	 2	 1	sample 9	653	2453	770	31326	86400	0	
1	 5	 2	 2	sample 9	385	2185	256	15404	72000	0	
1	 5	 2	 3	sample 9	643	2185	514	25718	61680	0	
1	 5	 2	 4	neg con	450	1992	258	18014	61680	0	
1	 5	 3	 1	sample 10	1121	2663	1028	52708	72474	0	
1	 5	 3	 2	sample 10	521	2063	514	20842	61680	0	
1	 5	 3	 3	sample 10	302	1844	258	12098	61680	0	
1	 5	 3	 4	sample 10	258	1800	258	10300	61680	0	
1	 5	 4	 1	sample 10	277	1819	258	11076	61680	0	
1	 5	 4	 2	sample 10	135	1677	0	5416	61680	0	
1	 5	 4	 3	sample 10	501	1787	256	20026	51440	0	
1	 5	 4	 4	pos con	3179	4465	2826	222532	90020	0	
1	 6	 1	 1	sample 11	3486	5284	3084	278877	143840	0	
1	 6	 1	 2	sample 11	2574	4372	2570	180198	125860	0	
1	 6	 1	 3	sample 11	1698	3496	1542	81496	86304	0	
1	 6	 1	 4	sample 11	739	2537	772	29574	71920	0	
1	 6	 2	 1	sample 11	462	2004	514	18486	61680	0	
1	 6	 2	 2	sample 11	340	1882	256	13604	61680	0	
1	 6	 2	 3	sample 11	257	1799	256	10262	61680	0	
1	 6	 2	 4	neg con	205	1747	256	8208	61680	0	
1	 6	 3	 1	sample 12	836	2120	772	33430	51360	0	
1	 6	 3	 2	sample 12	271	1555	258	10826	51360	15672	
1	 6	 3	 3	sample 12	238	1522	258	9532	51360	0	
1	 6	 3	 4	sample 12	277	1561	258	11072	51360	0	
1	 6	 4	 1	sample 12	314	1342	256	12566	41120	0	
1	 6	 4	 2	sample 12	334	1362	256	13344	41120	0	
1	 6	 4	 3	sample 12	124	1408	258	4972	51360	16956	
1	 6	 4	 4	pos con	1930	3214	1800	144734	96300	0	
1	 7	 1	 1	sample 13	3012	4296	2828	222854	95016	0	
1	 7	 1	 2	sample 13	2170	3712	2312	121534	86352	0	
1	 7	 1	 3	sample 13	1285	2827	1284	61656	74016	0	
1	 7	 1	 4	sample 13	687	2229	514	31594	70932	0	
1	 7	 2	 1	sample 13	700	1728	514	27992	41120	0	
1	 7	 2	 2	sample 13	571	1599	514	22854	41120	0	
1	 7	 2	 3	sample 13	584	1612	514	23370	41120	0	
1	 7	 2	 4	neg con	584	1612	514	23360	41120	0	
1	 7	 3	 1	sample 14	1830	2600	1800	124418	52360	0	
1	 7	 3	 2	sample 14	1087	1857	1028	57592	40810	0	
1	 7	 3	 3	sample 14	877	1905	770	46496	54484	0	
1	 7	 3	 4	sample 14	685	1713	770	34924	52428	0	
1	 7	 4	 1	sample 14	521	1291	514	20832	30800	0	
1	 7	 4	 2	sample 14	515	1285	514	20580	30800	0	
1	 7	 4	 3	sample 14	385	1413	256	15398	41120	0	
1	 7	 4	 4	pos con	4555	5583	4626	314262	70932	0	
1	 8	 1	 1	sample 15	1397	2683	1284	67054	61728	0	
1	 8	 1	 2	sample 15	726	2012	514	29024	51440	0	
1	 8	 1	 3	sample 15	417	1703	256	16682	51440	0	
1	 8	 1	 4	sample 15	668	1954	514	26708	51440	0	
1	 8	 2	 1	sample 15	462	1748	256	18480	51440	0	
1	 8	 2	 2	sample 15	353	1639	256	14118	51440	0	
1	 8	 2	 3	sample 15	379	1665	256	15140	51440	0	
1	 8	 2	 4	neg con	282	1568	0	11292	51440	0	
1	 8	 3	 1	sample 16	2997	4283	2826	239746	102880	0	
1	 8	 3	 2	sample 16	1908	3194	1798	129746	87448	0	
1	 8	 3	 3	sample 16	2768	3796	2828	238026	88408	0	
1	 8	 3	 4	sample 16	2606	3634	2570	187648	74016	0	
1	 8	 4	 1	sample 16	2758	3786	2828	184812	68876	0	
1	 8	 4	 2	sample 16	2743	3771	2828	175564	65792	0	
1	 8	 4	 3	sample 16	1940	3226	1798	116388	77160	0	
1	 8	 4	 4	pos con	5161	6189	5398	371627	74016	0	
1	 9	 1	 1	sample 17	5364	6906	4112	477429	137238	0	
1	 9	 1	 2	sample 17	4008	5550	3340	268511	103314	0	
1	 9	 1	 3	sample 17	2151	3693	2056	126928	90978	0	
1	 9	 1	 4	sample 17	1232	2516	1286	59134	61632	0	
1	 9	 2	 1	sample 17	918	2460	1028	36738	61680	0	
1	 9	 2	 2	sample 17	855	2139	772	34206	51360	0	
1	 9	 2	 3	sample 17	515	1799	514	20582	51360	0	
1	 9	 2	 4	neg con	610	1638	514	24392	41120	0	
1	 9	 3	 1	sample 18	3954	5238	4112	340046	110424	0	
1	 9	 3	 2	sample 18	1992	3276	1800	175316	112992	0	
1	 9	 3	 3	sample 18	1998	3282	1800	139838	89880	0	
1	 9	 3	 4	sample 18	2144	3172	2056	130778	62708	0	
1	 9	 4	 1	sample 18	1778	3062	1542	83550	60348	0	
1	 9	 4	 2	sample 18	1311	2595	1286	66840	65484	0	
1	 9	 4	 3	sample 18	1049	2333	1028	51424	62916	0	
1	 9	 4	 4	pos con	4351	5379	4368	321986	76072	0	
1	 10	 1	 1	sample 19	7973	9771	6426	725513	163618	0	
1	 10	 1	 2	sample 19	5293	7349	5140	381080	148032	0	
1	 10	 1	 3	sample 19	3663	5719	3340	230743	129528	0	
1	 10	 1	 4	sample 19	3281	5079	3342	167328	91698	0	
1	 10	 2	 1	sample 19	2638	4180	2826	118708	69390	0	
1	 10	 2	 2	sample 19	1542	3084	1542	61662	61680	0	
1	 10	 2	 3	sample 19	1047	2589	1028	41874	61680	0	
1	 10	 2	 4	neg con	469	2011	256	18744	61680	0	
1	 10	 3	 1	sample 20	1225	2767	1284	63702	80184	0	
1	 10	 3	 2	sample 20	886	2428	770	35442	61680	0	
1	 10	 3	 3	sample 20	738	2280	770	29532	61680	0	
1	 10	 3	 4	sample 20	539	2081	514	21568	61680	0	
1	 10	 4	 1	sample 20	649	2191	514	25944	61680	0	
1	 10	 4	 2	sample 20	687	2229	514	27480	61680	0	
1	 10	 4	 3	sample 20	636	2178	514	25426	61680	0	
1	 10	 4	 4	pos con	5154	6696	4882	371053	111024	0	
1	 11	 1	 1	sample 21	4241	5783	3598	356237	129528	0	
1	 11	 1	 2	sample 21	2960	4502	2570	189442	98688	0	
1	 11	 1	 3	sample 21	1831	3373	1800	89716	75558	0	
1	 11	 1	 4	sample 21	894	2436	772	35742	61680	0	
1	 11	 2	 1	sample 21	962	2248	1028	49056	65586	0	
1	 11	 2	 2	sample 21	565	1851	514	22596	51440	0	
1	 11	 2	 3	sample 21	436	1722	256	17456	51440	0	
1	 11	 2	 4	neg con	346	1632	256	13854	51440	0	
1	 11	 3	 1	sample 22	2456	3742	2312	184236	96450	0	
1	 11	 3	 2	sample 22	1545	2831	1542	98910	82304	0	
1	 11	 3	 3	sample 22	1503	2789	1542	70648	60442	0	
1	 11	 3	 4	sample 22	854	2140	770	34160	51440	0	
1	 11	 4	 1	sample 22	1009	2295	1028	41360	52726	0	
1	 11	 4	 2	sample 22	841	2127	770	33646	51440	0	
1	 11	 4	 3	sample 22	648	1934	514	25932	51440	0	
1	 11	 4	 4	pos con	5213	6499	4882	417050	102880	0	
1	 12	 1	 1	sample 23	9228	11542	8993	627513	157352	0	
1	 12	 1	 2	sample 23	6946	9516	6426	479301	177330	0	
1	 12	 1	 3	sample 23	5278	7592	5396	274430	120328	0	
1	 12	 1	 4	sample 23	3928	6242	3854	219955	129584	0	
1	 12	 2	 1	sample 23	3722	5778	3856	186095	102800	0	
1	 12	 2	 2	sample 23	1670	3984	1542	60118	83304	0	
1	 12	 2	 3	sample 23	1575	3631	1542	62984	82240	0	
1	 12	 2	 4	neg con	399	2455	258	15954	82240	0	
1	 12	 3	 1	sample 24	2102	4158	1542	96712	94576	49864	
1	 12	 3	 2	sample 24	1613	3669	1542	64530	82240	0	
1	 12	 3	 3	sample 24	1127	3183	1286	43972	80184	0	
1	 12	 3	 4	sample 24	1183	3239	1028	47306	82240	0	
1	 12	 4	 1	sample 24	552	2352	514	22086	72000	0	
1	 12	 4	 2	sample 24	558	2358	514	22336	72000	0	
1	 12	 4	 3	sample 24	322	2378	258	12874	82240	0	
1	 12	 4	 4	pos con	5716	7772	6168	285788	102800	0	
2	 1	 1	 1	sample 25	5523	7321	4884	497051	161820	0	
2	 1	 1	 2	sample 25	4993	6791	4370	419446	151032	0	
2	 1	 1	 3	sample 25	3497	5039	3340	258758	114108	0	
2	 1	 1	 4	sample 25	2559	3843	2056	166316	83460	0	
2	 1	 2	 1	sample 25	1700	3498	1542	83288	88102	0	
2	 1	 2	 2	sample 25	1198	2996	1028	49102	73718	0	
2	 1	 2	 3	sample 25	959	2501	1028	39304	63222	0	
2	 1	 2	 4	neg con	252	1536	258	10086	51360	9506	
2	 1	 3	 1	sample 26	1093	2891	1028	43710	71920	0	
2	 1	 3	 2	sample 26	585	2383	514	23408	71920	0	
2	 1	 3	 3	sample 26	533	2075	514	21314	61680	0	
2	 1	 3	 4	sample 26	515	1799	514	20580	51360	0	
2	 1	 4	 1	sample 26	489	2287	514	19550	71920	0	
2	 1	 4	 2	sample 26	103	1901	258	4138	71920	0	
2	 1	 4	 3	sample 26	167	1709	256	6662	61680	0	
2	 1	 4	 4	pos con	3708	4992	3598	252156	87312	0	
2	 2	 1	 1	sample 27	6518	8318	6682	482326	133200	0	
2	 2	 1	 2	sample 27	3809	5351	3084	255230	103314	0	
2	 2	 1	 3	sample 27	2492	4292	2312	156994	113400	0	
2	 2	 1	 4	sample 27	1781	3581	1798	78368	79200	0	
2	 2	 2	 1	sample 27	1481	3281	1284	69624	84600	0	
2	 2	 2	 2	sample 27	1401	3201	1284	58832	75600	0	
2	 2	 2	 3	sample 27	1205	3005	1284	54206	81000	0	
2	 2	 2	 4	neg con	425	1967	514	16980	61680	0	
2	 2	 3	 1	sample 28	2270	3812	2314	133928	90978	0	
2	 2	 3	 2	sample 28	1008	2808	1028	53422	95400	0	
2	 2	 3	 3	sample 28	1081	2881	1028	57286	95400	0	
2	 2	 3	 4	sample 28	1002	2802	1028	50094	90000	0	
2	 2	 4	 1	sample 28	746	2288	772	29832	61680	0	
2	 2	 4	 2	sample 28	669	2211	772	26750	61680	0	
2	 2	 4	 3	sample 28	224	2024	256	8978	72000	0	
2	 2	 4	 4	pos con	4719	6519	5140	297307	113400	0	
2	 3	 1	 1	sample 29	6526	8326	5140	561217	154800	0	
2	 3	 1	 2	sample 29	6642	8442	6682	564547	153000	0	
2	 3	 1	 3	sample 29	4457	6257	4368	334305	135000	0	
2	 3	 1	 4	sample 29	1991	3791	1798	95578	86400	0	
2	 3	 2	 1	sample 29	1522	3322	1542	79130	93600	0	
2	 3	 2	 2	sample 29	764	2564	770	30558	72000	0	
2	 3	 2	 3	sample 29	423	2223	514	16938	72000	0	
2	 3	 2	 4	neg con	199	1999	256	7946	72000	0	
2	 3	 3	 1	sample 30	597	2397	514	23882	72000	0	
2	 3	 3	 2	sample 30	327	2127	256	13082	72000	0	
2	 3	 3	 3	sample 30	353	2153	256	14116	72000	0	
2	 3	 3	 4	sample 30	147	1947	0	5890	72000	0	
2	 3	 4	 1	sample 30	199	1999	256	7942	72000	0	
2	 3	 4	 2	sample 30	425	1967	258	16980	61680	0	
2	 3	 4	 3	sample 30	495	2037	258	19812	61680	0	
2	 3	 4	 4	pos con	4491	6033	4370	332324	114108	0	
2	 4	 1	 1	sample 31	4928	6470	4368	418842	131070	0	
2	 4	 1	 2	sample 31	3175	4973	2570	234933	133052	0	
2	 4	 1	 3	sample 31	2666	4208	2570	162646	94062	0	
2	 4	 1	 4	sample 31	552	2094	514	22076	61680	0	
2	 4	 2	 1	sample 31	934	2476	770	43918	72474	0	
2	 4	 2	 2	sample 31	661	2203	770	26446	61680	0	
2	 4	 2	 3	sample 31	475	2017	514	18998	61680	0	
2	 4	 2	 4	neg con	167	1709	0	6668	61680	0	
2	 4	 3	 1	sample 32	2336	3878	2312	154164	101772	0	
2	 4	 3	 2	sample 32	1289	2831	1284	68332	81726	0	
2	 4	 3	 3	sample 32	1808	3350	1798	95834	81726	0	
2	 4	 3	 4	sample 32	993	2535	1028	44690	69390	0	
2	 4	 4	 1	sample 32	651	2193	514	26704	63222	0	
2	 4	 4	 2	sample 32	404	1946	256	16166	61680	0	
2	 4	 4	 3	sample 32	559	2101	514	22340	61680	0	
2	 4	 4	 4	pos con	4250	5792	4368	276236	100230	0	
2	 5	 1	 1	sample 33	5399	6685	4626	464350	110596	0	
2	 5	 1	 2	sample 33	4515	5801	4368	347674	99022	0	
2	 5	 1	 3	sample 33	3103	4389	3084	204798	84876	0	
2	 5	 1	 4	sample 33	1876	3162	1798	93782	64300	0	
2	 5	 2	 1	sample 33	1354	2640	1284	70396	66872	0	
2	 5	 2	 2	sample 33	1002	2288	1028	44088	56584	46526	
2	 5	 2	 3	sample 33	822	2108	770	32880	51440	0	
2	 5	 2	 4	neg con	443	1729	256	17714	51440	0	
2	 5	 3	 1	sample 34	2909	4195	2826	261834	115740	0	
2	 5	 3	 2	sample 34	2005	3291	2056	152370	97736	0	
2	 5	 3	 3	sample 34	1847	3133	1798	88640	61728	0	
2	 5	 3	 4	sample 34	1549	2835	1284	68169	56584	26474	
2	 5	 4	 1	sample 34	1164	2450	1028	57026	63014	0	
2	 5	 4	 2	sample 34	910	2196	770	43658	61728	0	
2	 5	 4	 3	sample 34	796	2082	770	31850	51440	0	
2	 5	 4	 4	pos con	4551	6093	4370	309453	104856	0	
2	 6	 1	 1	sample 35	5372	6656	5140	435120	104004	0	
2	 6	 1	 2	sample 35	4622	6164	4368	360515	120276	0	
2	 6	 1	 3	sample 35	3750	5292	3598	296277	121818	0	
2	 6	 1	 4	sample 35	940	2482	770	47006	77100	0	
2	 6	 2	 1	sample 35	835	2377	770	40070	74016	0	
2	 6	 2	 2	sample 35	597	2139	514	23878	61680	0	
2	 6	 2	 3	sample 35	367	1651	258	14668	51360	0	
2	 6	 2	 4	neg con	-45.39	1497	0	-1815.99	61680	0	
2	 6	 3	 1	sample 36	3634	5176	3598	330716	140322	0	
2	 6	 3	 2	sample 36	2983	4525	2826	205822	106398	0	
2	 6	 3	 3	sample 36	2752	4036	2828	187126	87312	0	
2	 6	 3	 4	sample 36	2688	4230	2826	139776	80184	0	
2	 6	 4	 1	sample 36	2676	4218	2570	155200	89436	0	
2	 6	 4	 2	sample 36	1622	3164	1542	72968	69390	0	
2	 6	 4	 3	sample 36	1048	2590	1028	53428	78642	0	
2	 6	 4	 4	pos con	4368	5910	3854	305784	107940	0	
2	 7	 1	 1	sample 37	5861	7145	5398	509900	111708	0	
2	 7	 1	 2	sample 37	4429	5971	3598	358712	124902	0	
2	 7	 1	 3	sample 37	2908	4450	2826	200680	106398	0	
2	 7	 1	 4	sample 37	2178	3462	2314	78404	46224	0	
2	 7	 2	 1	sample 37	1549	3091	1542	55752	55512	0	
2	 7	 2	 2	sample 37	999	2541	1028	44952	69390	0	
2	 7	 2	 3	sample 37	713	2255	770	28508	61680	0	
2	 7	 2	 4	neg con	250	1792	0	10008	61680	0	
2	 7	 3	 1	sample 38	3943	5485	4112	319416	124902	0	
2	 7	 3	 2	sample 38	3344	4886	3340	240774	111024	0	
2	 7	 3	 3	sample 38	3361	4903	3340	215076	98688	0	
2	 7	 3	 4	sample 38	2408	3950	2312	149288	95604	0	
2	 7	 4	 1	sample 38	2352	3894	2312	105858	69390	0	
2	 7	 4	 2	sample 38	1798	3340	1798	68342	58596	0	
2	 7	 4	 3	sample 38	1329	2871	1284	61140	70932	0	
2	 7	 4	 4	pos con	4964	6506	5140	342519	106398	0	
2	 8	 1	 1	sample 39	10733	13045	10537	955261	205768	0	
2	 8	 1	 2	sample 39	8678	10990	7195	702896	187272	0	
2	 8	 1	 3	sample 39	6872	9184	6426	529165	178024	0	
2	 8	 1	 4	sample 39	4391	6703	4626	259077	136408	0	
2	 8	 2	 1	sample 39	2515	4571	2570	118194	96632	0	
2	 8	 2	 2	sample 39	1868	3924	1798	89668	98688	0	
2	 8	 2	 3	sample 39	1085	3141	1028	43408	82240	0	
2	 8	 2	 4	neg con	224	2280	256	8972	82240	0	
2	 8	 3	 1	sample 40	1588	3644	1542	79386	102800	0	
2	 8	 3	 2	sample 40	1234	3032	1286	49368	71920	0	
2	 8	 3	 3	sample 40	546	2602	514	21824	82240	0	
2	 8	 3	 4	sample 40	372	2428	256	14882	82240	0	
2	 8	 4	 1	sample 40	444	2242	514	17750	71920	0	
2	 8	 4	 2	sample 40	489	2287	514	19552	71920	0	
2	 8	 4	 3	sample 40	412	2210	514	16466	71920	0	
2	 8	 4	 4	pos con	4649	6705	4368	306818	135696	0	
2	 9	 1	 1	sample 41	6125	8181	5396	447111	150088	0	
2	 9	 1	 2	sample 41	4285	6341	4112	317098	152144	0	
2	 9	 1	 3	sample 41	2618	4674	2570	151858	119248	0	
2	 9	 1	 4	sample 41	1958	4014	1798	88130	92520	0	
2	 9	 2	 1	sample 41	1792	3848	1798	71674	82240	0	
2	 9	 2	 2	sample 41	1078	3134	1028	49574	94576	0	
2	 9	 2	 3	sample 41	1081	3137	1028	46496	88408	0	
2	 9	 2	 4	neg con	295	2351	256	11806	82240	0	
2	 9	 3	 1	sample 42	5511	7567	5140	407795	152144	0	
2	 9	 3	 2	sample 42	3691	5747	3598	284209	158312	0	
2	 9	 3	 3	sample 42	2595	4651	2312	155712	123360	0	
2	 9	 3	 4	sample 42	2046	3844	2056	98188	86304	0	
2	 9	 4	 1	sample 42	1584	3640	1542	47532	61680	0	
2	 9	 4	 2	sample 42	610	2666	770	24390	82240	0	
2	 9	 4	 3	sample 42	514	2570	514	20542	82240	0	
2	 9	 4	 4	pos con	4692	6748	4112	272124	119248	0	
2	 10	 1	 1	sample 43	8997	11311	7965	755757	194376	0	
2	 10	 1	 2	sample 43	8306	10876	8223	622965	192750	0	
2	 10	 1	 3	sample 43	5783	8353	5912	358525	159340	0	
2	 10	 1	 4	sample 43	4713	7283	4884	334633	182470	0	
2	 10	 2	 1	sample 43	2570	4884	2312	136184	122642	0	
2	 10	 2	 2	sample 43	2062	4376	2056	78366	87932	0	
2	 10	 2	 3	sample 43	1679	3993	1542	50360	69420	0	
2	 10	 2	 4	neg con	552	2866	514	22084	92560	0	
2	 10	 3	 1	sample 44	3248	5304	3084	285832	180928	0	
2	 10	 3	 2	sample 44	2296	4352	2314	137786	123360	0	
2	 10	 3	 3	sample 44	2323	4379	2314	125440	111024	0	
2	 10	 3	 4	sample 44	2151	4207	2056	98964	94576	0	
2	 10	 4	 1	sample 44	1774	3830	1800	70948	82240	0	
2	 10	 4	 2	sample 44	1221	3277	1028	58616	98688	0	
2	 10	 4	 3	sample 44	913	2969	772	36510	82240	0	
2	 10	 4	 4	pos con	5544	7858	5910	376958	157352	0	
2	 11	 1	 1	sample 45	7513	9569	5912	736312	201488	0	
2	 11	 1	 2	sample 45	4787	6587	4368	349462	131400	0	
2	 11	 1	 3	sample 45	3374	5174	3340	209158	111600	0	
2	 11	 1	 4	sample 45	1488	3030	1286	69928	72474	0	
2	 11	 2	 1	sample 45	983	3039	1028	39336	82240	0	
2	 11	 2	 2	sample 45	1156	2956	1028	46240	72000	0	
2	 11	 2	 3	sample 45	823	2365	772	32914	61680	0	
2	 11	 2	 4	neg con	425	1967	514	16982	61680	0	
2	 11	 3	 1	sample 46	1284	3084	1028	51374	72000	0	
2	 11	 3	 2	sample 46	803	2603	770	32108	72000	0	
2	 11	 3	 3	sample 46	643	2185	514	25718	61680	0	
2	 11	 3	 4	sample 46	727	2269	772	29062	61680	0	
2	 11	 4	 1	sample 46	251	1793	258	10046	61680	0	
2	 11	 4	 2	sample 46	258	1800	258	10300	61680	0	
2	 11	 4	 3	sample 46	251	1793	258	10048	61680	0	
2	 11	 4	 4	pos con	5975	7517	6168	436141	112566	0	
2	 12	 1	 1	sample 47	9051	11365	9765	615436	157352	0	
2	 12	 1	 2	sample 47	8268	10838	7453	487790	151630	0	
2	 12	 1	 3	sample 47	6930	9500	6682	395013	146490	0	
2	 12	 1	 4	sample 47	4626	7196	4112	296087	164480	0	
2	 12	 2	 1	sample 47	3896	6210	3854	194778	115700	0	
2	 12	 2	 2	sample 47	3259	6087	2826	133620	115948	0	
2	 12	 2	 3	sample 47	2490	5060	2570	79682	82240	0	
2	 12	 2	 4	neg con	219	2789	258	8760	102800	0	
2	 12	 3	 1	sample 48	8142	10712	8223	635039	200460	0	
2	 12	 3	 2	sample 48	5647	8217	5912	400922	182470	0	
2	 12	 3	 3	sample 48	4482	7052	4370	286840	164480	0	
2	 12	 3	 4	sample 48	3612	6182	3598	213079	151630	0	
2	 12	 4	 1	sample 48	1943	4257	1798	93264	111072	0	
2	 12	 4	 2	sample 48	1060	3374	1028	42384	92560	0	
2	 12	 4	 3	sample 48	1027	3341	1028	41096	92560	0	
2	 12	 4	 4	pos con	6090	8404	6168	347158	131898	0	
3	 1	 1	 1	sample 49	5495	7551	4884	417638	156256	0	
3	 1	 1	 2	sample 49	4653	6453	4112	344329	133200	0	
3	 1	 1	 3	sample 49	3653	5195	3856	241098	101772	0	
3	 1	 1	 4	sample 49	2458	3744	2312	130274	68158	0	
3	 1	 2	 1	sample 49	1276	3332	1286	67620	108968	0	
3	 1	 2	 2	sample 49	912	2712	770	36474	72000	0	
3	 1	 2	 3	sample 49	701	2243	514	28028	61680	0	
3	 1	 2	 4	neg con	282	1568	256	11290	51440	0	
3	 1	 3	 1	sample 50	4068	6124	4112	280682	141864	0	
3	 1	 3	 2	sample 50	3572	5628	3342	210772	121304	0	
3	 1	 3	 3	sample 50	1687	4001	1798	89408	122642	0	
3	 1	 3	 4	sample 50	2062	3604	2056	107200	80184	0	
3	 1	 4	 1	sample 50	1733	3533	1798	88382	91800	0	
3	 1	 4	 2	sample 50	1578	3120	1542	69410	67848	0	
3	 1	 4	 3	sample 50	1260	2802	772	50392	61680	0	
3	 1	 4	 4	pos con	5923	6951	5654	497565	86352	0	
3	 2	 1	 1	sample 51	6202	8000	5912	514779	149234	0	
3	 2	 1	 2	sample 51	4208	6006	3856	340815	145638	0	
3	 2	 1	 3	sample 51	3905	5703	3856	242131	111476	0	
3	 2	 1	 4	sample 51	1247	3045	1286	49878	71920	0	
3	 2	 2	 1	sample 51	1593	3391	1542	81234	91698	0	
3	 2	 2	 2	sample 51	931	2729	1028	46536	89900	0	
3	 2	 2	 3	sample 51	534	2332	514	21348	71920	0	
3	 2	 2	 4	neg con	449	1991	514	17966	61680	0	
3	 2	 3	 1	sample 52	2347	4145	2314	164262	125860	0	
3	 2	 3	 2	sample 52	1774	3316	1542	94038	81726	0	
3	 2	 3	 3	sample 52	1566	3108	1542	64226	63222	0	
3	 2	 3	 4	sample 52	1021	2563	1028	40844	61680	0	
3	 2	 4	 1	sample 52	668	2210	514	26706	61680	0	
3	 2	 4	 2	sample 52	501	2043	514	20030	61680	0	
3	 2	 4	 3	sample 52	494	2036	514	19770	61680	0	
3	 2	 4	 4	pos con	5711	7253	4882	428357	115650	0	
3	 3	 1	 1	sample 53	7615	9671	6938	708203	191208	0	
3	 3	 1	 2	sample 53	4999	7055	4882	429903	176816	0	
3	 3	 1	 3	sample 53	2877	4933	2826	192726	137752	0	
3	 3	 1	 4	sample 53	1977	4033	1798	102778	106912	0	
3	 3	 2	 1	sample 53	1505	3561	1284	73742	100744	0	
3	 3	 2	 2	sample 53	989	3045	770	39556	82240	0	
3	 3	 2	 3	sample 53	565	2621	514	22598	82240	0	
3	 3	 2	 4	neg con	83	2139	0	3320	82240	0	
3	 3	 3	 1	sample 54	3960	6016	3854	336634	174760	0	
3	 3	 3	 2	sample 54	3999	6055	4112	327888	168592	0	
3	 3	 3	 3	sample 54	3232	5288	3340	252080	160368	0	
3	 3	 3	 4	sample 54	2453	4251	2570	139836	102486	0	
3	 3	 4	 1	sample 54	2114	3912	2056	114134	97092	0	
3	 3	 4	 2	sample 54	1601	3399	1542	76866	86304	0	
3	 3	 4	 3	sample 54	1028	2826	1028	41138	71920	0	
3	 3	 4	 4	pos con	5140	6938	4626	370099	129456	0	
3	 4	 1	 1	sample 55	5849	7649	4882	491313	151200	0	
3	 4	 1	 2	sample 55	3238	5038	2826	220211	122400	0	
3	 4	 1	 3	sample 55	3509	5309	3340	235116	120600	0	
3	 4	 1	 4	sample 55	2241	4041	2312	105342	84600	0	
3	 4	 2	 1	sample 55	1922	3722	2056	103798	97200	0	
3	 4	 2	 2	sample 55	1002	2802	1028	50096	90000	0	
3	 4	 2	 3	sample 55	825	2625	770	38782	84600	0	
3	 4	 2	 4	neg con	398	2198	256	15912	72000	0	
3	 4	 3	 1	sample 56	2847	4647	2826	213534	135000	0	
3	 4	 3	 2	sample 56	1343	3143	1284	71160	95400	0	
3	 4	 3	 3	sample 56	1108	2908	1284	56512	91800	0	
3	 4	 3	 4	sample 56	1043	2843	1028	51118	88200	0	
3	 4	 4	 1	sample 56	1041	2583	1028	41654	61680	0	
3	 4	 4	 2	sample 56	931	2473	1028	39082	64764	0	
3	 4	 4	 3	sample 56	597	2397	514	23874	72000	0	
3	 4	 4	 4	pos con	4860	6660	4368	393667	145800	0	
3	 5	 1	 1	sample 57	7465	9263	6682	627087	151032	0	
3	 5	 1	 2	sample 57	5297	7353	4626	439663	170648	0	
3	 5	 1	 3	sample 57	3380	5178	3084	202804	107880	0	
3	 5	 1	 4	sample 57	1862	3660	1800	91258	88102	0	
3	 5	 2	 1	sample 57	2020	3818	2056	84826	75516	0	
3	 5	 2	 2	sample 57	1356	3412	1284	67822	102800	0	
3	 5	 2	 3	sample 57	926	2724	772	37026	71920	0	
3	 5	 2	 4	neg con	373	2171	258	14926	71920	0	
3	 5	 3	 1	sample 58	3254	5052	3342	276580	152830	0	
3	 5	 3	 2	sample 58	3372	5170	3084	259610	138446	0	
3	 5	 3	 3	sample 58	2870	4668	2828	172220	107880	0	
3	 5	 3	 4	sample 58	2625	4423	2570	149600	102486	0	
3	 5	 4	 1	sample 58	2138	3680	2056	100468	72474	0	
3	 5	 4	 2	sample 58	1255	3053	1286	64016	91698	0	
3	 5	 4	 3	sample 58	1232	2774	1284	60368	75558	0	
3	 5	 4	 4	pos con	5651	7449	5398	440763	140244	0	
3	 6	 1	 1	sample 59	5359	6643	4370	428697	102720	0	
3	 6	 1	 2	sample 59	4086	5370	4112	281961	88596	0	
3	 6	 1	 3	sample 59	2981	4265	2570	199720	86028	0	
3	 6	 1	 4	sample 59	2174	3458	2314	123902	73188	0	
3	 6	 2	 1	sample 59	1586	2870	1542	84064	68052	0	
3	 6	 2	 2	sample 59	1303	2587	1286	56046	55212	0	
3	 6	 2	 3	sample 59	760	2044	772	34974	59064	0	
3	 6	 2	 4	neg con	168	1452	258	6706	51360	0	
3	 6	 3	 1	sample 60	3061	4345	2828	296890	124548	0	
3	 6	 3	 2	sample 60	2757	4041	2570	201266	93732	0	
3	 6	 3	 3	sample 60	2450	3734	2314	156804	82176	0	
3	 6	 3	 4	sample 60	2086	3370	2314	129302	79608	0	
3	 6	 4	 1	sample 60	2098	3126	2056	115364	56540	0	
3	 6	 4	 2	sample 60	1548	2832	1542	71212	59064	0	
3	 6	 4	 3	sample 60	1071	2355	1028	44990	53928	0	
3	 6	 4	 4	pos con	5153	6437	5398	314322	78324	0	
3	 7	 1	 1	sample 61	7632	10202	5910	664003	223590	0	
3	 7	 1	 2	sample 61	4335	6905	3854	403172	239010	0	
3	 7	 1	 3	sample 61	3145	5457	3342	172992	127160	0	
3	 7	 1	 4	sample 61	2533	4845	2570	139322	127160	0	
3	 7	 2	 1	sample 61	1896	4466	2056	85302	115650	0	
3	 7	 2	 2	sample 61	1151	3721	1028	55234	123360	0	
3	 7	 2	 3	sample 61	887	3199	772	35486	92480	0	
3	 7	 2	 4	neg con	488	2544	514	19510	82240	0	
3	 7	 3	 1	sample 62	4351	6921	4626	395985	233870	0	
3	 7	 3	 2	sample 62	3257	5827	3084	211732	167050	0	
3	 7	 3	 3	sample 62	3338	5650	3598	226970	157216	0	
3	 7	 3	 4	sample 62	2142	4454	2056	128530	138720	0	
3	 7	 4	 1	sample 62	1805	4117	1800	83040	106352	0	
3	 7	 4	 2	sample 62	1285	3597	1286	62986	113288	0	
3	 7	 4	 3	sample 62	979	3291	1028	39157	92480	21586	
3	 7	 4	 4	pos con	5507	7563	5140	446090	166536	0	
3	 8	 1	 1	sample 63	4440	6240	4626	399583	162000	0	
3	 8	 1	 2	sample 63	3299	5099	3084	329942	180000	0	
3	 8	 1	 3	sample 63	2880	4680	3340	192972	120600	0	
3	 8	 1	 4	sample 63	2597	4139	2570	174018	103314	0	
3	 8	 2	 1	sample 63	2476	4276	2312	136188	99000	0	
3	 8	 2	 2	sample 63	2105	3647	2056	122102	89436	0	
3	 8	 2	 3	sample 63	1698	3240	1542	73006	66306	0	
3	 8	 2	 4	neg con	392	1934	514	15694	61680	0	
3	 8	 3	 1	sample 64	2168	3710	2056	114908	81726	0	
3	 8	 3	 2	sample 64	1175	2717	1286	57586	75558	0	
3	 8	 3	 3	sample 64	902	2444	772	46024	78642	0	
3	 8	 3	 4	sample 64	585	2127	514	23406	61680	0	
3	 8	 4	 1	sample 64	642	1928	514	25680	51440	0	
3	 8	 4	 2	sample 64	559	1845	514	22342	51440	0	
3	 8	 4	 3	sample 64	456	1742	514	18228	51440	0	
3	 8	 4	 4	pos con	5169	6455	5140	361802	90020	0	
3	 9	 1	 1	sample 65	7051	9365	5910	564043	185120	0	
3	 9	 1	 2	sample 65	4716	7030	3854	334821	164294	0	
3	 9	 1	 3	sample 65	3067	5381	2826	187060	141154	0	
3	 9	 1	 4	sample 65	1799	3855	1800	62982	71960	0	
3	 9	 2	 1	sample 65	1117	3431	1028	44692	92560	0	
3	 9	 2	 2	sample 65	873	3187	770	34936	92560	0	
3	 9	 2	 3	sample 65	701	2757	514	28036	82240	0	
3	 9	 2	 4	neg con	303	2359	258	12106	82240	0	
3	 9	 3	 1	sample 66	1491	4061	1542	59642	102800	0	
3	 9	 3	 2	sample 66	1837	3893	1800	88170	98688	0	
3	 9	 3	 3	sample 66	1131	3187	1028	45254	82240	0	
3	 9	 3	 4	sample 66	1201	3001	1284	48040	72000	0	
3	 9	 4	 1	sample 66	1998	3798	1028	79901	72000	0	
3	 9	 4	 2	sample 66	642	2442	514	25680	72000	0	
3	 9	 4	 3	sample 66	565	2365	514	22592	72000	0	
3	 9	 4	 4	pos con	5343	7143	4368	384677	129600	0	
3	 10	 1	 1	sample 67	2008	3808	2056	120506	108000	0	
3	 10	 1	 2	sample 67	1410	3210	1542	69110	88200	0	
3	 10	 1	 3	sample 67	958	2758	770	45972	86400	0	
3	 10	 1	 4	sample 67	942	2742	770	45202	86400	0	
3	 10	 2	 1	sample 67	591	2391	514	23622	72000	0	
3	 10	 2	 2	sample 67	423	2223	256	16938	72000	0	
3	 10	 2	 3	sample 67	566	2108	514	22638	61680	0	
3	 10	 2	 4	neg con	290	1832	258	11586	61680	0	
3	 10	 3	 1	sample 68	2253	3795	2314	114908	78642	0	
3	 10	 3	 2	sample 68	985	2527	772	52202	81726	0	
3	 10	 3	 3	sample 68	765	2307	772	30598	61680	0	
3	 10	 3	 4	sample 68	598	2140	514	23916	61680	0	
3	 10	 4	 1	sample 68	630	2172	514	25204	61680	0	
3	 10	 4	 2	sample 68	527	2069	514	21092	61680	0	
3	 10	 4	 3	sample 68	386	1928	258	15436	61680	0	
3	 10	 4	 4	pos con	4805	6347	4370	331541	106398	0	
3	 11	 1	 1	sample 69	6730	8786	5396	565322	172704	0	
3	 11	 1	 2	sample 69	4691	6747	4626	314277	137752	0	
3	 11	 1	 3	sample 69	3553	5609	3340	206084	119248	0	
3	 11	 1	 4	sample 69	2393	4449	2312	114852	98688	0	
3	 11	 2	 1	sample 69	1311	3367	1284	62946	98688	0	
3	 11	 2	 2	sample 69	855	2911	1028	34213	82240	28266	
3	 11	 2	 3	sample 69	526	2582	514	21052	82240	0	
3	 11	 2	 4	neg con	51.2	2107	0	2048	82240	0	
3	 11	 3	 1	sample 70	3804	5860	3854	311952	168592	0	
3	 11	 3	 2	sample 70	3096	5152	3084	185781	123360	0	
3	 11	 3	 3	sample 70	2397	4195	2570	131862	98890	0	
3	 11	 3	 4	sample 70	1443	3241	1542	63502	79112	0	
3	 11	 4	 1	sample 70	1092	3148	1028	52410	98688	0	
3	 11	 4	 2	sample 70	880	2936	770	35190	82240	0	
3	 11	 4	 3	sample 70	868	2666	772	34716	71920	0	
3	 11	 4	 4	pos con	4241	6039	3856	347756	147436	0	
3	 12	 1	 1	sample 71	3188	4474	3084	188090	75874	0	
3	 12	 1	 2	sample 71	2926	4468	2828	152170	80184	0	
3	 12	 1	 3	sample 71	1901	3701	1798	95064	90000	0	
3	 12	 1	 4	sample 71	1916	3458	1800	84316	67848	0	
3	 12	 2	 1	sample 71	1584	2870	1542	66546	54012	0	
3	 12	 2	 2	sample 71	997	2539	1028	47834	74016	0	
3	 12	 2	 3	sample 71	796	2338	772	33432	64764	0	
3	 12	 2	 4	neg con	315	1857	258	12618	61680	0	
3	 12	 3	 1	sample 72	1473	2759	1542	66280	57870	0	
3	 12	 3	 2	sample 72	899	2185	1028	39562	56584	0	
3	 12	 3	 3	sample 72	732	2018	770	29280	51440	0	
3	 12	 3	 4	sample 72	745	2031	770	29790	51440	0	
3	 12	 4	 1	sample 72	617	1645	514	24690	41120	0	
3	 12	 4	 2	sample 72	404	1690	514	16174	51440	0	
3	 12	 4	 3	sample 72	359	1645	256	14378	51440	0	
3	 12	 4	 4	pos con	5512	6798	4882	490530	114454	0	
4	 1	 1	 1	sample 73	3673	5473	3598	286524	140400	0	
4	 1	 1	 2	sample 73	3462	5262	3340	249256	129600	0	
4	 1	 1	 3	sample 73	3352	4894	3342	502764	231300	0	
4	 1	 1	 4	sample 73	2523	3809	2312	153912	78446	0	
4	 1	 2	 1	sample 73	1543	3085	1542	77130	77100	0	
4	 1	 2	 2	sample 73	1023	2565	1028	48082	72474	0	
4	 1	 2	 3	sample 73	1130	2416	1028	56522	64300	0	
4	 1	 2	 4	neg con	141	1427	256	5636	51440	0	
4	 1	 3	 1	sample 74	2280	3566	2056	145950	82304	0	
4	 1	 3	 2	sample 74	1395	2681	1284	61400	56584	0	
4	 1	 3	 3	sample 74	835	2121	770	33388	51440	0	
4	 1	 3	 4	sample 74	754	1782	772	33950	46260	0	
4	 1	 4	 1	sample 74	398	1684	256	15908	51440	0	
4	 1	 4	 2	sample 74	245	1273	258	9790	41120	0	
4	 1	 4	 3	sample 74	283	1311	258	11330	41120	0	
4	 1	 4	 4	pos con	3300	4328	2828	244183	76072	0	
4	 2	 1	 1	sample 75	946	1974	772	47318	51400	0	
4	 2	 1	 2	sample 75	959	1987	1028	46030	49344	0	
4	 2	 1	 3	sample 75	760	2046	770	37242	63014	0	
4	 2	 1	 4	sample 75	970	1998	772	42686	45232	0	
4	 2	 2	 1	sample 75	547	1575	514	21870	41120	0	
4	 2	 2	 2	sample 75	707	1735	514	28288	41120	0	
4	 2	 2	 3	sample 75	282	1568	256	11290	51440	0	
4	 2	 2	 4	neg con	154	1440	0	6148	51440	0	
4	 2	 3	 1	sample 76	1556	2584	1542	90232	59624	0	
4	 2	 3	 2	sample 76	567	1853	514	24398	55298	0	
4	 2	 3	 3	sample 76	612	1898	514	28764	60442	0	
4	 2	 3	 4	sample 76	430	1716	256	17200	51440	0	
4	 2	 4	 1	sample 76	296	1324	258	11840	41120	0	
4	 2	 4	 2	sample 76	335	1363	258	13382	41120	0	
4	 2	 4	 3	sample 76	290	1318	258	11582	41120	0	
4	 2	 4	 4	pos con	3599	4627	3342	262692	75044	0	
4	 3	 1	 1	sample 77	3507	5049	3342	245476	107940	0	
4	 3	 1	 2	sample 77	2685	4227	2570	169132	97146	0	
4	 3	 1	 3	sample 77	2011	3553	1800	102572	78642	0	
4	 3	 1	 4	sample 77	964	2506	772	38574	61680	0	
4	 3	 2	 1	sample 77	684	2226	772	36266	81726	0	
4	 3	 2	 2	sample 77	716	2258	772	32924	70932	0	
4	 3	 2	 3	sample 77	444	1986	514	17750	61680	0	
4	 3	 2	 4	neg con	96.7	1639	0	3868	61680	0	
4	 3	 3	 1	sample 78	2521	4063	2570	184050	112566	0	
4	 3	 3	 2	sample 78	2965	4507	3084	204608	106398	0	
4	 3	 3	 3	sample 78	2634	4176	2570	160650	94062	0	
4	 3	 3	 4	sample 78	1973	3515	1800	122356	95604	0	
4	 3	 4	 1	sample 78	1196	2224	1028	47824	41120	0	
4	 3	 4	 2	sample 78	852	2138	770	37500	56584	0	
4	 3	 4	 3	sample 78	565	1851	514	22592	51440	0	
4	 3	 4	 4	pos con	4526	5812	4112	280606	79732	0	
4	 4	 1	 1	sample 79	11181	13751	11565	995089	228730	0	
4	 4	 1	 2	sample 79	8224	10794	7709	608576	190180	0	
4	 4	 1	 3	sample 79	6184	8754	5912	401958	167050	0	
4	 4	 1	 4	sample 79	3183	5753	3084	149600	120790	0	
4	 4	 2	 1	sample 79	2164	4734	2056	93052	110510	0	
4	 4	 2	 2	sample 79	1458	4286	1284	58316	113120	0	
4	 4	 2	 3	sample 79	873	3701	770	34928	113120	0	
4	 4	 2	 4	neg con	135	2705	0	5418	102800	0	
4	 4	 3	 1	sample 80	3626	6196	3598	239296	169620	0	
4	 4	 3	 2	sample 80	4255	6825	4370	285052	172190	0	
4	 4	 3	 3	sample 80	3745	6315	3598	243418	167050	0	
4	 4	 3	 4	sample 80	3379	5693	3340	179102	122642	0	
4	 4	 4	 1	sample 80	2662	4718	2828	127758	98688	0	
4	 4	 4	 2	sample 80	1876	3676	1798	93776	90000	0	
4	 4	 4	 3	sample 80	1413	3213	1284	56524	72000	0	
4	 4	 4	 4	pos con	4621	6421	4626	277272	108000	0	
4	 5	 1	 1	sample 81	4155	6211	4112	344858	170648	0	
4	 5	 1	 2	sample 81	2557	4613	2570	158536	127472	0	
4	 5	 1	 3	sample 81	2136	4192	2056	115370	111024	0	
4	 5	 1	 4	sample 81	1770	3568	1542	70818	71920	32122	
4	 5	 2	 1	sample 81	1038	3094	1028	49834	98688	0	
4	 5	 2	 2	sample 81	695	2751	770	30562	90464	0	
4	 5	 2	 3	sample 81	463	2261	258	18528	71920	0	
4	 5	 2	 4	neg con	283	2081	258	11330	71920	0	
4	 5	 3	 1	sample 82	1714	3512	1542	71976	75516	0	
4	 5	 3	 2	sample 82	724	2522	514	31120	77314	0	
4	 5	 3	 3	sample 82	489	2287	514	19554	71920	0	
4	 5	 3	 4	sample 82	713	2255	770	28504	61680	0	
4	 5	 4	 1	sample 82	237	1779	256	9492	61680	0	
4	 5	 4	 2	sample 82	154	1696	256	6152	61680	0	
4	 5	 4	 3	sample 82	238	1522	258	9528	51360	0	
4	 5	 4	 4	pos con	4666	5950	4112	359309	98868	0	
4	 6	 1	 1	sample 83	5121	6663	5396	430174	129528	0	
4	 6	 1	 2	sample 83	3651	5193	3854	262870	111024	0	
4	 6	 1	 3	sample 83	3165	4707	2826	208910	101772	0	
4	 6	 1	 4	sample 83	2644	4186	2570	163934	95604	0	
4	 6	 2	 1	sample 83	1847	3389	1798	88634	74016	0	
4	 6	 2	 2	sample 83	1516	3058	1542	77338	78642	0	
4	 6	 2	 3	sample 83	1193	2735	1028	53694	69390	0	
4	 6	 2	 4	neg con	308	1850	256	12314	61680	0	
4	 6	 3	 1	sample 84	3385	4927	3340	314782	143406	0	
4	 6	 3	 2	sample 84	2210	3752	2312	132580	92520	0	
4	 6	 3	 3	sample 84	2761	4045	2570	182242	84744	0	
4	 6	 3	 4	sample 84	1572	2856	1542	83294	68052	0	
4	 6	 4	 1	sample 84	1123	2151	1284	57284	52428	0	
4	 6	 4	 2	sample 84	1046	2074	1028	43930	43176	0	
4	 6	 4	 3	sample 84	655	1683	514	26192	41120	0	
4	 6	 4	 4	pos con	4005	5033	3340	252337	64764	0	
4	 7	 1	 1	sample 85	2606	3892	2570	182442	90020	0	
4	 7	 1	 2	sample 85	1362	2648	1284	72186	68158	0	
4	 7	 1	 3	sample 85	855	2397	772	34204	61680	0	
4	 7	 1	 4	sample 85	250	2050	256	10008	72000	0	
4	 7	 2	 1	sample 85	711	1997	514	30562	55298	0	
4	 7	 2	 2	sample 85	565	1851	514	22598	51440	0	
4	 7	 2	 3	sample 85	167	1709	0	6698	61680	0	
4	 7	 2	 4	neg con	103	1645	0	4130	61680	0	
4	 7	 3	 1	sample 86	2912	4198	2826	209674	92592	0	
4	 7	 3	 2	sample 86	1330	2616	1284	67818	65586	0	
4	 7	 3	 3	sample 86	803	2089	770	32104	51440	0	
4	 7	 3	 4	sample 86	796	2082	770	40584	65586	0	
4	 7	 4	 1	sample 86	680	1708	772	30610	46260	0	
4	 7	 4	 2	sample 86	579	1607	514	27782	49344	0	
4	 7	 4	 3	sample 86	444	1472	514	17750	41120	0	
4	 7	 4	 4	pos con	2869	4155	2312	174984	78446	0	
4	 8	 1	 1	sample 87	2842	3870	2826	190398	68876	0	
4	 8	 1	 2	sample 87	1963	2991	2056	104062	54484	0	
4	 8	 1	 3	sample 87	1534	2562	1542	52154	34952	0	
4	 8	 1	 4	sample 87	1123	2151	1028	51636	47288	0	
4	 8	 2	 1	sample 87	693	1721	770	27734	41120	0	
4	 8	 2	 2	sample 87	629	1657	514	25166	41120	0	
4	 8	 2	 3	sample 87	591	1619	514	23624	41120	0	
4	 8	 2	 4	neg con	173	1201	256	6922	41120	0	
4	 8	 3	 1	sample 88	1215	2243	1284	58312	49344	0	
4	 8	 3	 2	sample 88	660	1688	514	33648	52428	0	
4	 8	 3	 3	sample 88	638	1666	514	22344	35980	0	
4	 8	 3	 4	sample 88	417	1445	514	16684	41120	0	
4	 8	 4	 1	sample 88	380	1150	514	15180	30800	0	
4	 8	 4	 2	sample 88	224	1252	256	8972	41120	0	
4	 8	 4	 3	sample 88	418	1188	258	16728	30800	0	
4	 8	 4	 4	pos con	3263	4291	3598	205564	64764	0	
4	 9	 1	 1	sample 89	4088	5630	4112	310674	117192	0	
4	 9	 1	 2	sample 89	2287	3829	2312	114338	77100	0	
4	 9	 1	 3	sample 89	1670	3212	1542	80162	74016	0	
4	 9	 1	 4	sample 89	920	2462	1028	45980	77100	0	
4	 9	 2	 1	sample 89	600	2398	514	28804	86304	0	
4	 9	 2	 2	sample 89	604	2402	514	24170	71920	0	
4	 9	 2	 3	sample 89	514	2056	514	20540	61680	0	
4	 9	 2	 4	neg con	218	1760	256	8718	61680	0	
4	 9	 3	 1	sample 90	3478	5276	3342	267828	138446	0	
4	 9	 3	 2	sample 90	2905	4447	2826	162652	86352	0	
4	 9	 3	 3	sample 90	2418	3960	2312	123332	78642	0	
4	 9	 3	 4	sample 90	1724	3008	1542	75836	56496	0	
4	 9	 4	 1	sample 90	874	2158	772	34978	51360	0	
4	 9	 4	 2	sample 90	746	2030	772	29832	51360	0	
4	 9	 4	 3	sample 90	851	1879	770	43408	52428	0	
4	 9	 4	 4	pos con	3240	4268	3084	181418	57568	0	
4	 10	 1	 1	sample 91	5334	7134	5140	416019	140400	0	
4	 10	 1	 2	sample 91	3612	5668	3598	209486	119248	0	
4	 10	 1	 3	sample 91	3540	5340	3340	318636	162000	0	
4	 10	 1	 4	sample 91	3231	5031	3340	174475	97200	0	
4	 10	 2	 1	sample 91	1558	3358	1542	74766	86400	0	
4	 10	 2	 2	sample 91	1171	2971	1284	50352	77400	0	
4	 10	 2	 3	sample 91	1027	2827	770	42124	73800	0	
4	 10	 2	 4	neg con	257	2057	0	10266	72000	0	
4	 10	 3	 1	sample 92	2232	3518	2312	113820	65586	0	
4	 10	 3	 2	sample 92	1100	2386	1028	50610	59156	0	
4	 10	 3	 3	sample 92	746	2288	772	29834	61680	0	
4	 10	 3	 4	sample 92	527	2069	514	21094	61680	0	
4	 10	 4	 1	sample 92	502	1530	258	20070	41120	0	
4	 10	 4	 2	sample 92	502	1530	514	20066	41120	0	
4	 10	 4	 3	sample 92	572	1600	514	22892	41120	0	
4	 10	 4	 4	pos con	2976	4262	3084	142868	61728	0	
4	 11	 1	 1	sample 93	4586	5872	4626	298090	83590	0	
4	 11	 1	 2	sample 93	2857	4143	2826	142866	64300	0	
4	 11	 1	 3	sample 93	1444	2730	1284	64998	57870	0	
4	 11	 1	 4	sample 93	1589	2617	1542	61958	40092	0	
4	 11	 2	 1	sample 93	1991	3791	1798	95582	86400	0	
4	 11	 2	 2	sample 93	1580	3380	1542	63202	72000	0	
4	 11	 2	 3	sample 93	6686	8486	4882	327635	88200	0	
4	 11	 2	 4	neg con	4375	6175	2570	174989	72000	0	
4	 11	 3	 1	sample 94	2911	4197	2826	151346	66872	0	
4	 11	 3	 2	sample 94	1584	2870	1542	77594	63014	0	
4	 11	 3	 3	sample 94	1700	2986	1542	79900	60442	0	
4	 11	 3	 4	sample 94	1391	2933	1286	47308	52428	0	
4	 11	 4	 1	sample 94	675	1703	514	27010	41120	0	
4	 11	 4	 2	sample 94	515	1543	258	20584	41120	0	
4	 11	 4	 3	sample 94	495	1523	514	19814	41120	0	
4	 11	 4	 4	pos con	2942	4484	3084	105902	55512	0	
4	 12	 1	 1	sample 95	1523	3321	1542	79178	93496	0	
4	 12	 1	 2	sample 95	1062	2860	1028	40370	68324	0	
4	 12	 1	 3	sample 95	747	2545	772	31372	75516	0	
4	 12	 1	 4	sample 95	714	2512	772	28552	71920	0	
4	 12	 2	 1	sample 95	296	2094	258	11838	71920	0	
4	 12	 2	 2	sample 95	264	2062	258	10558	71920	0	
4	 12	 2	 3	sample 95	468	2010	256	18738	61680	0	
4	 12	 2	 4	neg con	116	1914	0	4644	71920	0	
4	 12	 3	 1	sample 96	825	2623	772	39606	86304	0	
4	 12	 3	 2	sample 96	527	2325	514	21098	71920	0	
4	 12	 3	 3	sample 96	380	2178	258	15184	71920	0	
4	 12	 3	 4	sample 96	328	2126	258	13128	71920	0	
4	 12	 4	 1	sample 96	257	1799	256	10260	61680	0	
4	 12	 4	 2	sample 96	308	1850	256	12320	61680	0	
4	 12	 4	 3	sample 96	379	1921	256	15146	61680	0	
4	 12	 4	 4	pos con	4258	6056	4112	255486	107880	0	
