MicroVigene	 Version	 2100
Culture	en-US
5/9/2005 7:07:03 PM
Roi Row	 4	 Roi Col	 10	 Main Row	 4	 Main Col	 4	 Sub Row	 1	 Sub Col	 1
Main Row	 Main Col	 Sub Row	 Sub Col	  GeneID	mean_net	 mean_total	 median_net	 vol_bkg	 vol_dust	 
1	 1	 1	 1	sample1	11815	13595	11940	81880	0	
1	 1	 1	 2	sample1	11879	13783	12138	95200	0	
1	 1	 1	 3	sample1	8158	9896	7698	83424	0	
1	 1	 1	 4	sample1	6005	7277	6548	58512	0	
1	 1	 2	 1	sample1	10688	13220	11124	121536	0	
1	 1	 2	 2	sample1	11438	14498	11790	140760	0	
1	 1	 2	 3	sample1	8497	10971	8618	113804	0	
1	 1	 2	 4	sample1	6298	8098	6698	86400	0	
1	 1	 3	 1	sample1	2628	4178	2646	74400	0	
1	 1	 3	 2	sample1	1772	4046	1858	109152	0	
1	 1	 3	 3	sample1	948	3130	884	104736	0	
1	 1	 3	 4	sample1	551	2341	494	85920	0	
1	 1	 4	 1	sample1	4835	6107	4930	55968	0	
1	 1	 4	 2	sample1	2399	3961	2456	71852	0	
1	 1	 4	 3	sample1	997	2601	1060	76992	0	
1	 1	 4	 4	sample1	560	2096	532	73728	0	
1	 2	 1	 1	sample2	13966	15540	14030	75552	0	
1	 2	 1	 2	sample2	10585	12401	10458	87168	0	
1	 2	 1	 3	sample2	8857	10527	9116	80160	0	
1	 2	 1	 4	sample2	5783	7063	6032	61440	0	
1	 2	 2	 1	sample2	12190	15172	12288	143136	0	
1	 2	 2	 2	sample2	8743	14429	9272	272928	0	
1	 2	 2	 3	sample2	7580	10974	7572	156124	0	
1	 2	 2	 4	sample2	5642	7628	6030	95328	0	
1	 2	 3	 1	sample2	3129	5237	2724	101184	0	
1	 2	 3	 2	sample2	2053	5261	1914	153984	0	
1	 2	 3	 3	sample2	975	3337	964	113376	0	
1	 2	 3	 4	sample2	433	2035	368	76896	0	
1	 2	 4	 1	sample2	4346	5968	4530	81100	0	
1	 2	 4	 2	sample2	2504	4404	2504	87400	0	
1	 2	 4	 3	sample2	1317	2823	1262	72288	0	
1	 2	 4	 4	sample2	982	1952	880	46560	0	
1	 3	 1	 1	sample3	13985	15895	14512	91680	0	
1	 3	 1	 2	sample3	11518	13716	12306	105504	0	
1	 3	 1	 3	sample3	9966	11494	10856	70288	0	
1	 3	 1	 4	sample3	7742	8998	8472	60288	0	
1	 3	 2	 1	sample3	13150	15024	13470	86204	0	
1	 3	 2	 2	sample3	11317	14401	11914	154200	0	
1	 3	 2	 3	sample3	8070	10398	9042	116400	0	
1	 3	 2	 4	sample3	8136	9570	8396	68832	0	
1	 3	 3	 1	sample3	4805	6207	5036	67296	0	
1	 3	 3	 2	sample3	3356	5138	3394	85536	0	
1	 3	 3	 3	sample3	1838	3476	1916	78624	0	
1	 3	 3	 4	sample3	1025	2239	1040	58272	0	
1	 3	 4	 1	sample3	5547	6491	6088	45312	0	
1	 3	 4	 2	sample3	3944	4946	4064	48096	0	
1	 3	 4	 3	sample3	2055	2949	2092	42912	0	
1	 3	 4	 4	sample3	1322	2006	1352	32832	0	
1	 4	 1	 1	sample4	12382	13910	12054	73344	0	
1	 4	 1	 2	sample4	8627	10359	9004	83136	0	
1	 4	 1	 3	sample4	3763	6433	3632	128160	0	
1	 4	 1	 4	sample4	2506	4000	2686	71712	0	
1	 4	 2	 1	sample4	12389	13739	12576	59400	0	
1	 4	 2	 2	sample4	9155	10665	9510	72480	0	
1	 4	 2	 3	sample4	5559	6865	6112	62688	0	
1	 4	 2	 4	sample4	3003	4049	3208	50208	0	
1	 4	 3	 1	sample4	1731	2735	1586	48192	0	
1	 4	 3	 2	sample4	826	1884	732	50784	0	
1	 4	 3	 3	sample4	498	1330	410	39936	0	
1	 4	 3	 4	sample4	463	1199	444	35328	0	
1	 4	 4	 1	sample4	2876	3894	2862	48864	0	
1	 4	 4	 2	sample4	1379	2355	1334	46848	0	
1	 4	 4	 3	sample4	840	1634	814	38112	0	
1	 4	 4	 4	sample4	739	1467	666	34944	0	
1	 5	 1	 1	sample5	20551	22891	21118	112320	0	
1	 5	 1	 2	sample5	19043	21331	19744	109824	0	
1	 5	 1	 3	sample5	14850	16842	15378	95616	0	
1	 5	 1	 4	sample5	11617	13285	12144	80064	0	
1	 5	 2	 1	sample5	20068	23088	20282	144960	0	
1	 5	 2	 2	sample5	16018	20724	16214	225888	0	
1	 5	 2	 3	sample5	13121	16751	13944	166980	0	
1	 5	 2	 4	sample5	10657	12897	11012	107520	0	
1	 5	 3	 1	sample5	4820	6526	4922	81888	0	
1	 5	 3	 2	sample5	3654	5916	3500	108576	0	
1	 5	 3	 3	sample5	1961	4453	2034	119616	0	
1	 5	 3	 4	sample5	1044	2986	958	93216	0	
1	 5	 4	 1	sample5	8714	10088	9416	65952	0	
1	 5	 4	 2	sample5	5064	6628	5288	75072	0	
1	 5	 4	 3	sample5	3593	5135	3794	74016	0	
1	 5	 4	 4	sample5	2208	3562	2186	64992	0	
1	 6	 1	 1	sample6	18724	20980	19334	108288	0	
1	 6	 1	 2	sample6	16733	18709	18144	90896	0	
1	 6	 1	 3	sample6	13097	14853	14704	77264	0	
1	 6	 1	 4	sample6	11598	13080	12274	71136	0	
1	 6	 2	 1	sample6	16261	19623	16900	161376	0	
1	 6	 2	 2	sample6	13986	17560	14242	171552	0	
1	 6	 2	 3	sample6	12342	15012	13886	128160	0	
1	 6	 2	 4	sample6	10957	12717	10944	84480	0	
1	 6	 3	 1	sample6	7198	9992	7392	134112	0	
1	 6	 3	 2	sample6	3976	6654	4204	128544	0	
1	 6	 3	 3	sample6	2387	4687	2194	110400	0	
1	 6	 3	 4	sample6	1762	3422	1694	79680	0	
1	 6	 4	 1	sample6	8561	10509	8942	93504	0	
1	 6	 4	 2	sample6	5022	6734	4944	82176	0	
1	 6	 4	 3	sample6	3217	4775	3238	71668	0	
1	 6	 4	 4	sample6	2332	3436	2452	52992	0	
1	 7	 1	 1	sample7	6606	8342	6882	83328	0	
1	 7	 1	 2	sample7	4395	5967	4404	75456	0	
1	 7	 1	 3	sample7	3380	4740	3474	65280	0	
1	 7	 1	 4	sample7	1339	2549	1518	58080	0	
1	 7	 2	 1	sample7	5757	7057	5944	62400	0	
1	 7	 2	 2	sample7	4206	5348	4408	52532	0	
1	 7	 2	 3	sample7	2848	3748	3064	41400	0	
1	 7	 2	 4	sample7	1040	1722	894	32736	0	
1	 7	 3	 1	sample7	796	1922	736	54048	0	
1	 7	 3	 2	sample7	668	1568	576	43200	0	
1	 7	 3	 3	sample7	501	1167	418	31968	0	
1	 7	 3	 4	sample7	293	783	246	23520	0	
1	 7	 4	 1	sample7	924	1972	736	50304	0	
1	 7	 4	 2	sample7	782	1686	750	43392	0	
1	 7	 4	 3	sample7	397	1175	346	37344	0	
1	 7	 4	 4	sample7	279	867	210	28224	0	
1	 8	 1	 1	sample8	10236	12544	10030	110784	0	
1	 8	 1	 2	sample8	8072	10240	8228	104064	0	
1	 8	 1	 3	sample8	4831	6687	4958	89088	0	
1	 8	 1	 4	sample8	2659	4281	2932	77856	0	
1	 8	 2	 1	sample8	9735	11823	9024	100224	0	
1	 8	 2	 2	sample8	7499	9471	7744	82824	0	
1	 8	 2	 3	sample8	4397	5975	4780	78900	0	
1	 8	 2	 4	sample8	2324	3592	2490	58328	0	
1	 8	 3	 1	sample8	1231	2987	1006	84288	0	
1	 8	 3	 2	sample8	1244	2966	1204	82656	0	
1	 8	 3	 3	sample8	721	2121	692	67200	0	
1	 8	 3	 4	sample8	637	1789	496	55296	0	
1	 8	 4	 1	sample8	2689	4409	2956	82560	0	
1	 8	 4	 2	sample8	1724	3356	1690	78336	0	
1	 8	 4	 3	sample8	1179	2585	1120	67488	0	
1	 8	 4	 4	sample8	655	1887	634	59136	0	
1	 9	 1	 1	sample9	13150	15754	13790	124992	0	
1	 9	 1	 2	sample9	8789	11311	8652	116012	0	
1	 9	 1	 3	sample9	5524	7886	5858	113376	0	
1	 9	 1	 4	sample9	3000	5326	3030	111648	0	
1	 9	 2	 1	sample9	11157	13675	10946	120864	0	
1	 9	 2	 2	sample9	6529	8915	6584	109756	0	
1	 9	 2	 3	sample9	4657	6711	4864	98592	0	
1	 9	 2	 4	sample9	2612	4476	2598	89472	0	
1	 9	 3	 1	sample9	962	3006	480	98112	0	
1	 9	 3	 2	sample9	889	2905	956	96768	0	
1	 9	 3	 3	sample9	602	2448	616	88608	0	
1	 9	 3	 4	sample9	471	2187	420	82368	0	
1	 9	 4	 1	sample9	1030	3148	442	101664	0	
1	 9	 4	 2	sample9	1051	3027	1206	94848	0	
1	 9	 4	 3	sample9	661	2513	684	88896	0	
1	 9	 4	 4	sample9	456	2234	462	85344	0	
1	 10	 1	 1	sample10	5284	6258	5458	46752	0	
1	 10	 1	 2	sample10	4728	5572	4392	40512	0	
1	 10	 1	 3	sample10	2804	3636	2798	39936	0	
1	 10	 1	 4	sample10	1994	2832	2132	40224	0	
1	 10	 2	 1	sample10	5656	6412	5550	34776	0	
1	 10	 2	 2	sample10	4467	5207	4452	35520	0	
1	 10	 2	 3	sample10	3164	3874	3040	32660	0	
1	 10	 2	 4	sample10	1836	2484	1936	31104	0	
1	 10	 3	 1	sample10	819	1463	736	30912	0	
1	 10	 3	 2	sample10	506	1156	502	31200	0	
1	 10	 3	 3	sample10	446	1068	420	29856	0	
1	 10	 3	 4	sample10	311	921	276	29280	0	
1	 10	 4	 1	sample10	1643	2353	1672	34080	0	
1	 10	 4	 2	sample10	1101	1843	1116	35616	0	
1	 10	 4	 3	sample10	828	1522	828	33312	0	
1	 10	 4	 4	sample10	497	1193	424	33408	0	
2	 1	 1	 1	sample11	20004	21832	20320	87744	0	
2	 1	 1	 2	sample11	17515	19921	18440	110676	0	
2	 1	 1	 3	sample11	15273	17645	16112	113856	0	
2	 1	 1	 4	sample11	11042	13418	11942	114048	0	
2	 1	 2	 1	sample11	18026	19750	19122	82752	0	
2	 1	 2	 2	sample11	15294	19132	15818	184224	0	
2	 1	 2	 3	sample11	13249	16617	14162	161664	0	
2	 1	 2	 4	sample11	10830	13484	11730	122084	0	
2	 1	 3	 1	sample11	4767	5901	4682	54432	0	
2	 1	 3	 2	sample11	2668	4604	1034	92928	0	
2	 1	 3	 3	sample11	2103	4083	1170	95040	0	
2	 1	 3	 4	sample11	1337	3171	1434	88032	0	
2	 1	 4	 1	sample11	7068	7832	7234	36672	0	
2	 1	 4	 2	sample11	3960	5332	4128	68600	0	
2	 1	 4	 3	sample11	3443	4817	3456	65952	0	
2	 1	 4	 4	sample11	1938	3318	1952	66240	0	
2	 2	 1	 1	sample12	18175	20637	18750	118176	0	
2	 2	 1	 2	sample12	12835	15405	13914	123360	0	
2	 2	 1	 3	sample12	8833	11293	9542	118080	0	
2	 2	 1	 4	sample12	6633	8689	7102	86352	0	
2	 2	 2	 1	sample12	17413	20023	18138	125280	0	
2	 2	 2	 2	sample12	12172	15542	12906	141540	0	
2	 2	 2	 3	sample12	8726	11496	9890	132960	0	
2	 2	 2	 4	sample12	7145	9367	7516	106656	0	
2	 2	 3	 1	sample12	2584	4244	2000	79680	0	
2	 2	 3	 2	sample12	2967	5339	2650	113856	0	
2	 2	 3	 3	sample12	1234	3780	1176	122208	0	
2	 2	 3	 4	sample12	534	2672	582	102624	0	
2	 2	 4	 1	sample12	4901	6271	5036	65760	0	
2	 2	 4	 2	sample12	2736	4508	2984	85056	0	
2	 2	 4	 3	sample12	1621	3435	1724	87072	0	
2	 2	 4	 4	sample12	1003	2657	1032	79392	0	
2	 3	 1	 1	sample13	13614	15054	14014	69120	0	
2	 3	 1	 2	sample13	10092	11520	10642	65688	0	
2	 3	 1	 3	sample13	7618	8916	8402	62304	0	
2	 3	 1	 4	sample13	4712	5908	4886	55016	0	
2	 3	 2	 1	sample13	11956	13596	13200	78720	0	
2	 3	 2	 2	sample13	9508	11290	10182	85536	0	
2	 3	 2	 3	sample13	6941	8493	7602	74496	0	
2	 3	 2	 4	sample13	4824	6240	5314	70800	0	
2	 3	 3	 1	sample13	1932	3242	1836	62880	0	
2	 3	 3	 2	sample13	1122	2466	1272	64512	0	
2	 3	 3	 3	sample13	860	2128	806	60864	0	
2	 3	 3	 4	sample13	512	1714	498	57696	0	
2	 3	 4	 1	sample13	2584	3774	2902	57120	0	
2	 3	 4	 2	sample13	1275	2473	1244	57504	0	
2	 3	 4	 3	sample13	880	1896	886	48768	0	
2	 3	 4	 4	sample13	316	1294	248	46944	0	
2	 4	 1	 1	sample14	20373	22067	22134	74536	0	
2	 4	 1	 2	sample14	18662	20556	20778	90912	0	
2	 4	 1	 3	sample14	14334	15870	17344	73728	0	
2	 4	 1	 4	sample14	12401	14081	13992	84000	0	
2	 4	 2	 1	sample14	19068	21988	20702	140160	0	
2	 4	 2	 2	sample14	15638	19744	17362	197088	0	
2	 4	 2	 3	sample14	13305	16457	14224	138688	0	
2	 4	 2	 4	sample14	12186	14456	13334	104420	0	
2	 4	 3	 1	sample14	7409	9905	8184	119808	0	
2	 4	 3	 2	sample14	5600	8524	6218	140352	0	
2	 4	 3	 3	sample14	3454	5948	3324	119712	0	
2	 4	 3	 4	sample14	2539	4447	2616	91584	0	
2	 4	 4	 1	sample14	7872	9198	8990	60996	0	
2	 4	 4	 2	sample14	5875	7317	6540	66332	0	
2	 4	 4	 3	sample14	3376	4696	3436	63360	0	
2	 4	 4	 4	sample14	2296	3532	2254	59328	0	
2	 5	 1	 1	sample15	20720	23984	20796	156672	0	
2	 5	 1	 2	sample15	17458	20532	19542	141404	0	
2	 5	 1	 3	sample15	14934	17914	16880	143040	0	
2	 5	 1	 4	sample15	11601	14413	12054	134976	0	
2	 5	 2	 1	sample15	17237	23889	17280	292688	0	
2	 5	 2	 2	sample15	14459	22335	14690	378048	0	
2	 5	 2	 3	sample15	12678	18140	13058	240328	0	
2	 5	 2	 4	sample15	11038	14876	11774	184224	0	
2	 5	 3	 1	sample15	5572	10334	5228	228576	0	
2	 5	 3	 2	sample15	3247	9013	3086	276768	0	
2	 5	 3	 3	sample15	2303	7305	2356	240096	0	
2	 5	 3	 4	sample15	1445	5195	1432	180000	0	
2	 5	 4	 1	sample15	7154	10394	8072	155520	0	
2	 5	 4	 2	sample15	4794	8334	5058	169920	0	
2	 5	 4	 3	sample15	3253	6649	3234	163008	0	
2	 5	 4	 4	sample15	1575	4619	1530	146112	0	
2	 6	 1	 1	sample16	21278	23440	21562	103776	0	
2	 6	 1	 2	sample16	19045	20905	20842	93000	0	
2	 6	 1	 3	sample16	19073	20593	19898	72960	0	
2	 6	 1	 4	sample16	15708	16808	17148	52800	0	
2	 6	 2	 1	sample16	18019	23623	18168	268992	0	
2	 6	 2	 2	sample16	15337	21343	16764	288288	0	
2	 6	 2	 3	sample16	15995	19995	16580	184000	0	
2	 6	 2	 4	sample16	14908	17176	15766	108864	0	
2	 6	 3	 1	sample16	9034	12906	10098	178112	0	
2	 6	 3	 2	sample16	6172	10314	7024	198816	0	
2	 6	 3	 3	sample16	4359	7703	4658	160512	0	
2	 6	 3	 4	sample16	2834	4962	2848	102144	0	
2	 6	 4	 1	sample16	9710	12006	10850	110208	0	
2	 6	 4	 2	sample16	7688	10096	8302	115584	0	
2	 6	 4	 3	sample16	4535	6661	4676	102048	0	
2	 6	 4	 4	sample16	2335	3837	2350	72096	0	
2	 7	 1	 1	sample17	15435	16931	15944	68816	0	
2	 7	 1	 2	sample17	12867	14233	13010	65568	0	
2	 7	 1	 3	sample17	9916	10988	9976	45024	0	
2	 7	 1	 4	sample17	5417	6283	6260	36372	0	
2	 7	 2	 1	sample17	14222	16862	15600	126720	0	
2	 7	 2	 2	sample17	12629	15009	12294	114240	0	
2	 7	 2	 3	sample17	9449	11281	9794	87936	0	
2	 7	 2	 4	sample17	5221	6439	6396	58464	0	
2	 7	 3	 1	sample17	1872	4136	1134	108672	0	
2	 7	 3	 2	sample17	1266	3316	998	98400	0	
2	 7	 3	 3	sample17	719	2361	592	78816	0	
2	 7	 3	 4	sample17	382	1718	350	64128	0	
2	 7	 4	 1	sample17	1849	3797	1042	93504	0	
2	 7	 4	 2	sample17	1181	2957	856	85248	0	
2	 7	 4	 3	sample17	994	2578	878	76032	0	
2	 7	 4	 4	sample17	519	1869	558	64800	0	
2	 8	 1	 1	sample18	21467	23047	22656	79000	0	
2	 8	 1	 2	sample18	19362	20862	21460	75000	0	
2	 8	 1	 3	sample18	15039	16583	16944	74112	0	
2	 8	 1	 4	sample18	14349	15741	15386	61248	0	
2	 8	 2	 1	sample18	19195	22841	20460	182300	0	
2	 8	 2	 2	sample18	17647	21433	19454	174156	0	
2	 8	 2	 3	sample18	15155	18301	15884	151008	0	
2	 8	 2	 4	sample18	11840	14218	13540	114144	0	
2	 8	 3	 1	sample18	7046	9844	8328	134304	0	
2	 8	 3	 2	sample18	3268	6248	3376	143040	0	
2	 8	 3	 3	sample18	2417	4993	2130	123648	0	
2	 8	 3	 4	sample18	1724	3828	1666	100992	0	
2	 8	 4	 1	sample18	9203	11447	10218	103224	0	
2	 8	 4	 2	sample18	4418	6780	4712	113376	0	
2	 8	 4	 3	sample18	3531	5531	3682	96000	0	
2	 8	 4	 4	sample18	2255	3995	2416	83520	0	
2	 9	 1	 1	sample19	21644	23220	23008	75648	0	
2	 9	 1	 2	sample19	19479	20951	21120	70656	0	
2	 9	 1	 3	sample19	14616	15680	17082	51072	0	
2	 9	 1	 4	sample19	10557	11569	12040	48576	0	
2	 9	 2	 1	sample19	20916	23568	21454	127296	0	
2	 9	 2	 2	sample19	17669	20813	18166	150912	0	
2	 9	 2	 3	sample19	15118	17328	16474	106080	0	
2	 9	 2	 4	sample19	10140	11948	11256	86784	0	
2	 9	 3	 1	sample19	4850	6516	5312	79968	0	
2	 9	 3	 2	sample19	2120	3960	1004	88320	0	
2	 9	 3	 3	sample19	1578	3148	1268	75360	0	
2	 9	 3	 4	sample19	1123	2235	996	53376	0	
2	 9	 4	 1	sample19	8184	9616	8320	68736	0	
2	 9	 4	 2	sample19	3875	5273	3720	67104	0	
2	 9	 4	 3	sample19	3312	4548	3408	59328	0	
2	 9	 4	 4	sample19	1584	2594	1614	48480	0	
2	 10	 1	 1	sample20	18295	19881	19310	79300	0	
2	 10	 1	 2	sample20	15595	17853	16440	108384	0	
2	 10	 1	 3	sample20	13798	15694	14448	91008	0	
2	 10	 1	 4	sample20	9644	10984	10580	61640	0	
2	 10	 2	 1	sample20	19387	22269	19542	138336	0	
2	 10	 2	 2	sample20	14989	18295	15526	158688	0	
2	 10	 2	 3	sample20	12424	15016	13114	124416	0	
2	 10	 2	 4	sample20	9238	10904	10220	79968	0	
2	 10	 3	 1	sample20	3253	4691	3312	69024	0	
2	 10	 3	 2	sample20	2022	3456	2244	68832	0	
2	 10	 3	 3	sample20	2052	3196	2106	54912	0	
2	 10	 3	 4	sample20	1121	1887	1054	36768	0	
2	 10	 4	 1	sample20	5773	6983	6126	58080	0	
2	 10	 4	 2	sample20	3224	4396	3322	56256	0	
2	 10	 4	 3	sample20	2223	3325	2210	52896	0	
2	 10	 4	 4	sample20	1569	2313	1608	35712	0	
3	 1	 1	 1	sample21	17375	18659	18568	61632	0	
3	 1	 1	 2	sample21	17841	19349	19068	72384	0	
3	 1	 1	 3	sample21	15748	17274	17788	73248	0	
3	 1	 1	 4	sample21	12584	14072	14254	68448	0	
3	 1	 2	 1	sample21	16528	18372	17778	88512	0	
3	 1	 2	 2	sample21	14533	19451	15834	236064	0	
3	 1	 2	 3	sample21	13382	18316	15214	236832	0	
3	 1	 2	 4	sample21	11874	15558	13326	176832	0	
3	 1	 3	 1	sample21	7970	10046	9710	91344	0	
3	 1	 3	 2	sample21	5802	9672	5670	185760	0	
3	 1	 3	 3	sample21	4143	7933	4130	181920	0	
3	 1	 3	 4	sample21	1888	5212	2120	159552	0	
3	 1	 4	 1	sample21	11350	13376	12482	97248	0	
3	 1	 4	 2	sample21	6940	9842	8298	139296	0	
3	 1	 4	 3	sample21	4914	7624	5214	130080	0	
3	 1	 4	 4	sample21	2320	4660	2164	112320	0	
3	 2	 1	 1	sample22	15267	16281	16174	48672	0	
3	 2	 1	 2	sample22	12551	13667	14064	53568	0	
3	 2	 1	 3	sample22	9804	10982	10802	56544	0	
3	 2	 1	 4	sample22	7313	8491	7880	56544	0	
3	 2	 2	 1	sample22	15396	17154	16386	80868	0	
3	 2	 2	 2	sample22	13258	15586	14382	116400	0	
3	 2	 2	 3	sample22	9915	11735	11012	87360	0	
3	 2	 2	 4	sample22	7088	8584	8250	71808	0	
3	 2	 3	 1	sample22	2969	4511	1948	74016	0	
3	 2	 3	 2	sample22	1463	3289	882	87648	0	
3	 2	 3	 3	sample22	1390	3158	1440	84864	0	
3	 2	 3	 4	sample22	835	2177	770	64416	0	
3	 2	 4	 1	sample22	4604	5736	5152	54336	0	
3	 2	 4	 2	sample22	2818	4198	2746	66240	0	
3	 2	 4	 3	sample22	2524	4000	2656	70848	0	
3	 2	 4	 4	sample22	1154	2412	1092	60384	0	
3	 3	 1	 1	sample23	19800	22236	20558	112056	0	
3	 3	 1	 2	sample23	18237	20745	20540	120384	0	
3	 3	 1	 3	sample23	18039	20239	18780	105600	0	
3	 3	 1	 4	sample23	15265	17107	16964	84732	0	
3	 3	 2	 1	sample23	18736	22186	19650	165600	0	
3	 3	 2	 2	sample23	15501	20491	17834	239520	0	
3	 3	 2	 3	sample23	16587	21149	17536	200728	0	
3	 3	 2	 4	sample23	14157	17543	16010	162528	0	
3	 3	 3	 1	sample23	8810	12592	10354	189100	0	
3	 3	 3	 2	sample23	7285	11421	7726	198528	0	
3	 3	 3	 3	sample23	3946	7446	4148	168000	0	
3	 3	 3	 4	sample23	3194	6020	3026	135648	0	
3	 3	 4	 1	sample23	10263	13449	12186	146556	0	
3	 3	 4	 2	sample23	8160	11432	8832	143968	0	
3	 3	 4	 3	sample23	5108	7860	5340	132096	0	
3	 3	 4	 4	sample23	3563	5769	3850	101476	0	
3	 4	 1	 1	sample24	17632	18934	18100	62496	0	
3	 4	 1	 2	sample24	13497	14673	14298	56448	0	
3	 4	 1	 3	sample24	9296	10264	9328	46464	0	
3	 4	 1	 4	sample24	5391	6279	6454	44400	0	
3	 4	 2	 1	sample24	16900	18990	18112	100320	0	
3	 4	 2	 2	sample24	13098	15286	14138	105024	0	
3	 4	 2	 3	sample24	8894	10400	9922	72288	0	
3	 4	 2	 4	sample24	5765	6947	6534	56736	0	
3	 4	 3	 1	sample24	2562	4170	2512	77184	0	
3	 4	 3	 2	sample24	1370	3200	1376	87840	0	
3	 4	 3	 3	sample24	1130	2570	1132	69120	0	
3	 4	 3	 4	sample24	998	2156	1064	55584	0	
3	 4	 4	 1	sample24	4123	5625	4484	72096	0	
3	 4	 4	 2	sample24	2664	4120	2756	69888	0	
3	 4	 4	 3	sample24	1475	2835	1512	65280	0	
3	 4	 4	 4	sample24	1371	2639	1362	60864	0	
3	 5	 1	 1	sample25	13754	15828	14672	99552	0	
3	 5	 1	 2	sample25	11889	14069	13120	104640	0	
3	 5	 1	 3	sample25	10778	12838	11560	98880	0	
3	 5	 1	 4	sample25	6065	7995	6182	88780	0	
3	 5	 2	 1	sample25	15709	18259	15300	122400	0	
3	 5	 2	 2	sample25	12747	15715	13180	142464	0	
3	 5	 2	 3	sample25	8224	10792	9078	118128	0	
3	 5	 2	 4	sample25	6219	8449	6226	107040	0	
3	 5	 3	 1	sample25	3305	5661	3090	113088	0	
3	 5	 3	 2	sample25	1558	4352	1534	134112	0	
3	 5	 3	 3	sample25	1050	3614	988	123072	0	
3	 5	 3	 4	sample25	1017	3423	938	115488	0	
3	 5	 4	 1	sample25	4772	7386	4930	120244	0	
3	 5	 4	 2	sample25	2356	4824	2438	118464	0	
3	 5	 4	 3	sample25	1450	3796	1362	112608	0	
3	 5	 4	 4	sample25	1045	3479	1102	116832	0	
3	 6	 1	 1	sample26	21270	23260	21372	95520	0	
3	 6	 1	 2	sample26	20106	23090	20582	143232	0	
3	 6	 1	 3	sample26	18442	21940	19346	160908	0	
3	 6	 1	 4	sample26	19305	22057	20062	132096	0	
3	 6	 2	 1	sample26	16192	22824	16902	305072	0	
3	 6	 2	 2	sample26	10609	22997	10772	594624	0	
3	 6	 2	 3	sample26	12925	23031	13176	485088	0	
3	 6	 2	 4	sample26	15614	22204	15982	316320	0	
3	 6	 3	 1	sample26	10431	15891	12710	262080	0	
3	 6	 3	 2	sample26	6861	16125	7308	444672	0	
3	 6	 3	 3	sample26	4921	13469	5016	410304	0	
3	 6	 3	 4	sample26	3828	9956	4100	294144	0	
3	 6	 4	 1	sample26	16354	19014	18038	127680	0	
3	 6	 4	 2	sample26	9753	15057	10272	254592	0	
3	 6	 4	 3	sample26	6787	12455	6864	272064	0	
3	 6	 4	 4	sample26	3985	8243	4160	204384	0	
3	 7	 1	 1	sample27	21296	25098	22346	182496	0	
3	 7	 1	 2	sample27	20943	24619	22348	176448	0	
3	 7	 1	 3	sample27	16749	20121	20420	161856	0	
3	 7	 1	 4	sample27	16994	19992	18178	143904	0	
3	 7	 2	 1	sample27	18923	25409	19894	298356	0	
3	 7	 2	 2	sample27	17667	25303	18934	366528	0	
3	 7	 2	 3	sample27	17924	23814	18902	282720	0	
3	 7	 2	 4	sample27	13483	17591	16426	197184	0	
3	 7	 3	 1	sample27	9216	14064	9970	232704	0	
3	 7	 3	 2	sample27	7588	12438	7920	232800	0	
3	 7	 3	 3	sample27	5100	9016	5170	187968	0	
3	 7	 3	 4	sample27	4241	7123	4010	138336	0	
3	 7	 4	 1	sample27	11836	15802	14012	190368	0	
3	 7	 4	 2	sample27	9087	12569	9576	160172	0	
3	 7	 4	 3	sample27	5457	8279	6348	129812	0	
3	 7	 4	 4	sample27	3876	6190	4210	106444	0	
3	 8	 1	 1	sample28	13869	15569	15886	78200	0	
3	 8	 1	 2	sample28	14763	16619	16346	89088	0	
3	 8	 1	 3	sample28	12861	14615	13344	84192	0	
3	 8	 1	 4	sample28	8581	10179	9100	73508	0	
3	 8	 2	 1	sample28	13032	14668	14826	68712	0	
3	 8	 2	 2	sample28	13991	16013	16494	97056	0	
3	 8	 2	 3	sample28	12059	13915	12818	89088	0	
3	 8	 2	 4	sample28	8146	9664	8958	72864	0	
3	 8	 3	 1	sample28	4326	5610	4262	59064	0	
3	 8	 3	 2	sample28	2597	3971	2892	65952	0	
3	 8	 3	 3	sample28	1670	2858	1566	57024	0	
3	 8	 3	 4	sample28	1187	2285	1222	52704	0	
3	 8	 4	 1	sample28	4646	5568	4548	44256	0	
3	 8	 4	 2	sample28	3158	4274	3302	51336	0	
3	 8	 4	 3	sample28	1791	2767	1874	40992	0	
3	 8	 4	 4	sample28	1263	2101	1284	40224	0	
3	 9	 1	 1	sample29	22090	24306	22624	101936	0	
3	 9	 1	 2	sample29	19507	21797	20932	109920	0	
3	 9	 1	 3	sample29	16740	18966	19174	106848	0	
3	 9	 1	 4	sample29	13898	15516	14728	77664	0	
3	 9	 2	 1	sample29	21820	24122	22648	110496	0	
3	 9	 2	 2	sample29	20037	23013	20682	142848	0	
3	 9	 2	 3	sample29	16416	18654	18270	98472	0	
3	 9	 2	 4	sample29	13637	15161	15588	73152	0	
3	 9	 3	 1	sample29	8478	9620	9538	54816	0	
3	 9	 3	 2	sample29	5890	7260	6142	63020	0	
3	 9	 3	 3	sample29	3408	4530	3474	53856	0	
3	 9	 3	 4	sample29	2750	3540	2940	37920	0	
3	 9	 4	 1	sample29	8808	9676	9752	41664	0	
3	 9	 4	 2	sample29	5985	6931	6354	45408	0	
3	 9	 4	 3	sample29	4196	4970	4234	37152	0	
3	 9	 4	 4	sample29	3304	3860	3400	26688	0	
3	 10	 1	 1	sample30	10974	12654	11980	84000	0	
3	 10	 1	 2	sample30	12784	14330	13904	74208	0	
3	 10	 1	 3	sample30	10123	11401	11538	61344	0	
3	 10	 1	 4	sample30	8179	9435	8804	60288	0	
3	 10	 2	 1	sample30	11152	12978	11722	87648	0	
3	 10	 2	 2	sample30	12546	14252	14132	78476	0	
3	 10	 2	 3	sample30	9621	11089	11360	73400	0	
3	 10	 2	 4	sample30	7757	9121	7852	62744	0	
3	 10	 3	 1	sample30	2069	3469	470	67200	0	
3	 10	 3	 2	sample30	1793	3135	1316	64416	0	
3	 10	 3	 3	sample30	1078	2208	832	54240	0	
3	 10	 3	 4	sample30	780	1782	760	48096	0	
3	 10	 4	 1	sample30	4353	5655	4314	62496	0	
3	 10	 4	 2	sample30	2964	4186	3212	56212	0	
3	 10	 4	 3	sample30	2015	3115	1956	52800	0	
3	 10	 4	 4	sample30	1258	2282	1216	49152	0	
4	 1	 1	 1	sample31	16663	18035	17050	65856	0	
4	 1	 1	 2	sample31	10668	12114	12032	72300	0	
4	 1	 1	 3	sample31	10509	11689	11060	56640	0	
4	 1	 1	 4	sample31	7959	9187	8702	58944	0	
4	 1	 2	 1	sample31	15523	17123	16688	76800	0	
4	 1	 2	 2	sample31	10289	11969	12982	77280	0	
4	 1	 2	 3	sample31	8838	10318	10788	71040	0	
4	 1	 2	 4	sample31	7096	8562	7950	70368	0	
4	 1	 3	 1	sample31	4062	5428	4410	65568	0	
4	 1	 3	 2	sample31	2399	3895	2330	71808	0	
4	 1	 3	 3	sample31	1558	2930	1644	65856	0	
4	 1	 3	 4	sample31	1346	2730	1334	66432	0	
4	 1	 4	 1	sample31	4090	5322	5036	56672	0	
4	 1	 4	 2	sample31	2707	4007	2868	62400	0	
4	 1	 4	 3	sample31	1638	2916	1732	61344	0	
4	 1	 4	 4	sample31	1355	2733	1438	66144	0	
4	 2	 1	 1	sample32	19116	21210	19388	100512	0	
4	 2	 1	 2	sample32	15923	18005	16874	95772	0	
4	 2	 1	 3	sample32	14044	15968	14466	88504	0	
4	 2	 1	 4	sample32	11701	13405	12240	81792	0	
4	 2	 2	 1	sample32	16514	20026	17566	168576	0	
4	 2	 2	 2	sample32	13237	17127	14310	186720	0	
4	 2	 2	 3	sample32	11113	14075	12834	142176	0	
4	 2	 2	 4	sample32	10674	12892	11374	106464	0	
4	 2	 3	 1	sample32	4449	7163	4964	130272	0	
4	 2	 3	 2	sample32	2264	5214	2174	141600	0	
4	 2	 3	 3	sample32	1260	3722	1168	118176	0	
4	 2	 3	 4	sample32	669	2535	618	89568	0	
4	 2	 4	 1	sample32	6747	8749	7106	96096	0	
4	 2	 4	 2	sample32	4180	6330	4366	103200	0	
4	 2	 4	 3	sample32	2187	4217	2224	97440	0	
4	 2	 4	 4	sample32	1286	3032	1266	83808	0	
4	 3	 1	 1	sample33	18508	20844	20652	112128	0	
4	 3	 1	 2	sample33	15676	17620	16942	93312	0	
4	 3	 1	 3	sample33	13929	15855	15978	92448	0	
4	 3	 1	 4	sample33	10947	12701	11900	84192	0	
4	 3	 2	 1	sample33	18292	21540	19296	155904	0	
4	 3	 2	 2	sample33	16123	19141	16776	144864	0	
4	 3	 2	 3	sample33	13177	15975	14360	134304	0	
4	 3	 2	 4	sample33	10160	12502	11184	112416	0	
4	 3	 3	 1	sample33	6974	9556	7216	123936	0	
4	 3	 3	 2	sample33	4403	6825	4328	116256	0	
4	 3	 3	 3	sample33	2697	4765	2574	99264	0	
4	 3	 3	 4	sample33	1777	3569	1786	86016	0	
4	 3	 4	 1	sample33	8801	10877	9036	87192	0	
4	 3	 4	 2	sample33	5385	7353	5858	98400	0	
4	 3	 4	 3	sample33	2975	4807	3176	87936	0	
4	 3	 4	 4	sample33	1585	3231	1498	79008	0	
4	 4	 1	 1	sample34	18551	20743	19622	105216	0	
4	 4	 1	 2	sample34	13957	16047	15026	96140	0	
4	 4	 1	 3	sample34	13071	14913	14392	88416	0	
4	 4	 1	 4	sample34	6318	7894	7232	75648	0	
4	 4	 2	 1	sample34	18671	21507	19768	136128	0	
4	 4	 2	 2	sample34	11707	14423	14026	135800	0	
4	 4	 2	 3	sample34	12252	14434	13420	104736	0	
4	 4	 2	 4	sample34	5102	6994	5634	90816	0	
4	 4	 3	 1	sample34	5345	7649	5778	115200	0	
4	 4	 3	 2	sample34	2883	5333	2908	117600	0	
4	 4	 3	 3	sample34	1922	4010	2052	100224	0	
4	 4	 3	 4	sample34	1229	3133	1250	91392	0	
4	 4	 4	 1	sample34	6137	8335	7132	105504	0	
4	 4	 4	 2	sample34	3923	6209	3988	109728	0	
4	 4	 4	 3	sample34	1825	3815	2018	95520	0	
4	 4	 4	 4	sample34	1363	3329	1386	94368	0	
4	 5	 1	 1	sample35	19932	21964	20476	97536	0	
4	 5	 1	 2	sample35	15443	17517	15632	99552	0	
4	 5	 1	 3	sample35	12415	14185	13050	84960	0	
4	 5	 1	 4	sample35	6211	7617	7740	64676	0	
4	 5	 2	 1	sample35	18150	21252	18828	148896	0	
4	 5	 2	 2	sample35	14262	17396	15304	144164	0	
4	 5	 2	 3	sample35	12152	14652	12642	120000	0	
4	 5	 2	 4	sample35	6110	7910	7062	90000	0	
4	 5	 3	 1	sample35	4781	7267	4570	119328	0	
4	 5	 3	 2	sample35	2766	5206	2752	117120	0	
4	 5	 3	 3	sample35	1331	3455	1272	101952	0	
4	 5	 3	 4	sample35	1547	3373	1646	87648	0	
4	 5	 4	 1	sample35	7774	10008	8516	107232	0	
4	 5	 4	 2	sample35	4025	6279	4028	108192	0	
4	 5	 4	 3	sample35	2000	4032	1938	97536	0	
4	 5	 4	 4	sample35	2074	3984	2004	91680	0	
4	 6	 1	 1	sample36	19322	21596	20782	109152	0	
4	 6	 1	 2	sample36	15127	17757	16638	126240	0	
4	 6	 1	 3	sample36	12515	14697	14990	104736	0	
4	 6	 1	 4	sample36	10422	12222	11496	86400	0	
4	 6	 2	 1	sample36	18288	21836	18998	163208	0	
4	 6	 2	 2	sample36	13830	17016	15112	152928	0	
4	 6	 2	 3	sample36	11322	13648	13248	111648	0	
4	 6	 2	 4	sample36	9853	11461	10304	67536	0	
4	 6	 3	 1	sample36	7425	9749	7902	111552	0	
4	 6	 3	 2	sample36	3522	5714	3266	105216	0	
4	 6	 3	 3	sample36	2146	3878	2386	83136	0	
4	 6	 3	 4	sample36	1690	3058	1710	65664	0	
4	 6	 4	 1	sample36	7625	9259	8510	78432	0	
4	 6	 4	 2	sample36	5119	6779	5832	79680	0	
4	 6	 4	 3	sample36	2695	4227	2732	73536	0	
4	 6	 4	 4	sample36	1559	2837	1576	61344	0	
4	 7	 1	 1	sample37	21652	24838	21866	140184	0	
4	 7	 1	 2	sample37	14578	17408	16726	135840	0	
4	 7	 1	 3	sample37	15024	17186	15920	103776	0	
4	 7	 1	 4	sample37	11218	12654	11810	63184	0	
4	 7	 2	 1	sample37	20763	24993	20868	203040	0	
4	 7	 2	 2	sample37	14828	18472	16948	167624	0	
4	 7	 2	 3	sample37	15326	18054	16664	130944	0	
4	 7	 2	 4	sample37	11239	13139	12160	87400	0	
4	 7	 3	 1	sample37	8587	11333	9108	126316	0	
4	 7	 3	 2	sample37	5674	8404	6424	131040	0	
4	 7	 3	 3	sample37	3968	6160	3882	105216	0	
4	 7	 3	 4	sample37	2970	4688	3096	82464	0	
4	 7	 4	 1	sample37	9518	11740	11186	106656	0	
4	 7	 4	 2	sample37	6956	9204	7522	107904	0	
4	 7	 4	 3	sample37	5006	7066	5444	94760	0	
4	 7	 4	 4	sample37	3753	5587	4090	88032	0	
4	 8	 1	 1	sample38	21711	24017	22306	110688	0	
4	 8	 1	 2	sample38	15052	17210	17090	103584	0	
4	 8	 1	 3	sample38	13809	15491	15346	80736	0	
4	 8	 1	 4	sample38	9637	10925	10834	61824	0	
4	 8	 2	 1	sample38	20576	23828	20930	156096	0	
4	 8	 2	 2	sample38	15425	18519	16218	142324	0	
4	 8	 2	 3	sample38	13118	15216	14118	100704	0	
4	 8	 2	 4	sample38	9600	11144	10334	74112	0	
4	 8	 3	 1	sample38	6564	8824	7584	103960	0	
4	 8	 3	 2	sample38	4044	6090	4270	98208	0	
4	 8	 3	 3	sample38	2297	4073	2424	85248	0	
4	 8	 3	 4	sample38	1404	2638	1552	59232	0	
4	 8	 4	 1	sample38	8082	9844	9194	84576	0	
4	 8	 4	 2	sample38	4512	6172	4806	73040	0	
4	 8	 4	 3	sample38	2996	4432	3160	71800	0	
4	 8	 4	 4	sample38	1755	2911	1958	55488	0	
4	 9	 1	 1	sample 39	19589	24693	19672	244992	0	
4	 9	 1	 2	sample 39	17750	22854	17894	234784	0	
4	 9	 1	 3	sample 39	13870	18722	14552	232896	0	
4	 9	 1	 4	sample 39	14332	16884	16254	122496	0	
4	 9	 2	 1	sample 39	17836	24598	17988	324576	0	
4	 9	 2	 2	sample 39	14202	22498	14290	381616	0	
4	 9	 2	 3	sample 39	14512	19798	15142	253728	0	
4	 9	 2	 4	sample 39	14505	17457	16576	141696	0	
4	 9	 3	 1	sample 39	8403	12085	9600	176736	0	
4	 9	 3	 2	sample 39	6118	10654	6110	217728	0	
4	 9	 3	 3	sample 39	4635	7827	5070	153216	0	
4	 9	 3	 4	sample 39	3020	4878	3118	89184	0	
4	 9	 4	 1	sample 39	12978	15812	14154	141700	0	
4	 9	 4	 2	sample 39	8562	11626	9128	147072	0	
4	 9	 4	 3	sample 39	6141	8617	6300	118848	0	
4	 9	 4	 4	sample 39	4709	6291	4796	75936	0	
4	 10	 1	 1	sample 40	17969	20439	19572	118560	0	
4	 10	 1	 2	sample 40	12298	14274	13926	94848	0	
4	 10	 1	 3	sample 40	11014	12798	12492	85632	0	
4	 10	 1	 4	sample 40	10240	11392	11880	55296	0	
4	 10	 2	 1	sample 40	16798	19658	18844	137280	0	
4	 10	 2	 2	sample 40	13712	16094	14790	109572	0	
4	 10	 2	 3	sample 40	11190	13002	13194	90600	0	
4	 10	 2	 4	sample 40	10159	11627	10898	67528	0	
4	 10	 3	 1	sample 40	6499	8481	6850	91172	0	
4	 10	 3	 2	sample 40	2938	4676	2854	83424	0	
4	 10	 3	 3	sample 40	1749	3317	1732	75264	0	
4	 10	 3	 4	sample 40	1353	2535	1268	56736	0	
4	 10	 4	 1	sample 40	6303	8103	6904	86400	0	
4	 10	 4	 2	sample 40	3649	5323	3944	73656	0	
4	 10	 4	 3	sample 40	2981	4429	3074	69504	0	
4	 10	 4	 4	sample 40	1417	2475	1430	50784	0	
